FPC1 
UTC,PMT5577DN,PD1DN,PD2DN,PMTS,TMP,SETTMP,TEPWR,TEDIR,PMT5577rad,PD1rad,rad_units,
2010-03-10 16:43:55,           0,           0,        1023,           1,        -272,       22.50,           0,           0,       -1.27,           0,   uW/m^2*Sr,
2010-03-10 16:43:58,           0,           0,        1023,           1,        -272,       22.50,           0,           0,       -1.27,           0,   uW/m^2*Sr,
2010-03-10 16:44:14,           0,           0,        1023,           1,        -272,       22.50,           0,           0,       -1.27,           0,   uW/m^2*Sr,
2010-03-10 16:48:08,           0,           0,        1023,           1,        -272,       22.50,           0,           0,       -1.27,           0,   uW/m^2*Sr,
2010-03-10 16:49:59,           0,           0,        1023,           1,        -272,       22.50,           0,           0,       -1.27,           0,   uW/m^2*Sr,
2010-03-10 16:50:15,           0,           0,        1023,           1,        -272,       22.50,           0,           0,       -1.27,           0,   uW/m^2*Sr,
2010-03-10 16:57:54,           0,           0,        1023,           1,        -272,       22.50,           0,           0,       -1.27,           0,   uW/m^2*Sr,
2010-03-10 16:59:09,           0,           0,        1023,           1,        -272,       22.50,           0,           0,       -1.27,           0,   uW/m^2*Sr,
2010-03-10 16:59:32,           0,           0,        1023,           1,        -272,       22.50,           0,           0,       -1.27,           0,   uW/m^2*Sr,
2010-03-10 17:02:17,           0,           0,        1023,           1,        -272,       22.50,           0,           0,       -1.27,           0,   uW/m^2*Sr,
2010-03-10 17:02:39,           0,           0,        1023,           1,        -272,       22.50,           0,           0,       -1.27,           0,   uW/m^2*Sr,
2010-03-10 17:03:14,           0,           0,        1023,           1,        -272,       22.50,           0,           0,       -1.27,           0,   uW/m^2*Sr,
2010-03-10 17:10:33,           0,           0,        1023,           1,        -272,       22.50,           0,           0,       -1.27,           0,   uW/m^2*Sr,
2010-03-10 17:10:49,           0,           0,        1023,           1,        -272,       22.50,           0,           0,       -1.27,           0,   uW/m^2*Sr,
2010-03-10 17:10:59,           0,           0,        1023,           1,        -272,       22.50,           0,           0,       -1.27,           0,   uW/m^2*Sr,
2010-03-10 17:11:13,           0,           0,        1023,           1,        -272,       22.50,           0,           0,       -1.27,           0,   uW/m^2*Sr,
2010-03-10 17:11:26,           0,           0,        1023,           1,        -272,       22.50,           0,           0,       -1.27,           0,   uW/m^2*Sr,
2010-03-10 17:11:28,           0,           0,        1023,           1,        -272,       22.50,           0,           0,       -1.27,           0,   uW/m^2*Sr,
2010-03-10 17:11:39,           0,           0,        1023,           1,        -272,       22.50,           0,           0,       -1.27,           0,   uW/m^2*Sr,
2010-03-10 17:12:00,           0,           0,        1023,           1,        -272,       22.50,           0,           0,       -1.27,           0,   uW/m^2*Sr,
2010-03-10 17:12:10,           0,           0,        1023,           1,        -272,       22.50,           0,           0,       -1.27,           0,   uW/m^2*Sr,
2010-03-10 17:12:20,           0,           0,        1023,           1,        -272,       22.50,           0,           0,       -1.27,           0,   uW/m^2*Sr,
2010-03-10 17:12:30,           0,           0,        1023,           1,        -272,       22.50,           0,           0,       -1.27,           0,   uW/m^2*Sr,
2010-03-10 17:12:38,           0,           0,        1023,           1,        -272,       22.50,           0,           0,       -1.27,           0,   uW/m^2*Sr,
2010-03-10 17:12:54,           0,           0,        1023,           1,        -272,       22.50,           0,           0,       -1.27,           0,   uW/m^2*Sr,
2010-03-10 17:12:57,           0,           0,        1023,           1,        -272,       22.50,           0,           0,       -1.27,           0,   uW/m^2*Sr,
2010-03-10 17:13:12,           0,           0,        1023,           1,        -272,       22.50,           0,           0,       -1.27,           0,   uW/m^2*Sr,
2010-03-10 17:13:20,           0,           0,        1023,           1,        -272,       22.50,           0,           0,       -1.27,           0,   uW/m^2*Sr,
2010-03-10 17:15:30,           0,           0,        1023,           1,        -272,       22.50,           0,           0,       -1.27,           0,   uW/m^2*Sr,
2010-03-10 17:15:55,           0,           0,        1023,           1,        -272,       22.50,           0,           0,       -1.27,           0,   uW/m^2*Sr,
2010-03-10 17:16:08,           0,           0,        1023,           1,        -272,       22.50,           0,           0,       -1.27,           0,   uW/m^2*Sr,
2010-03-10 17:16:13,           0,           0,        1023,           1,        -272,       22.50,           0,           0,       -1.27,           0,   uW/m^2*Sr,
2010-03-10 17:16:29,           0,           0,        1023,           1,        -272,       22.50,           0,           0,       -1.27,           0,   uW/m^2*Sr,
2010-03-10 17:16:43,           0,           0,        1023,           1,        -272,       22.50,           0,           0,       -1.27,           0,   uW/m^2*Sr,
2010-03-10 17:17:06,           0,           0,        1023,           1,        -272,       22.50,           0,           0,       -1.27,           0,   uW/m^2*Sr,
2010-03-10 17:17:13,           0,           0,        1023,           1,        -272,       22.50,           0,           0,       -1.27,           0,   uW/m^2*Sr,
2010-03-10 17:17:24,           0,           0,        1023,           1,        -272,       22.50,           0,           0,       -1.27,           0,   uW/m^2*Sr,
2010-03-10 17:17:36,           0,           0,        1023,           1,        -272,       22.50,           0,           0,       -1.27,           0,   uW/m^2*Sr,
2010-03-10 17:17:43,           0,           0,        1023,           1,        -272,       22.50,           0,           0,       -1.27,           0,   uW/m^2*Sr,
2010-03-10 17:17:49,           0,           0,        1023,           1,        -272,       22.50,           0,           0,       -1.27,           0,   uW/m^2*Sr,
2010-03-10 17:21:56,           0,           0,        1023,           1,        -272,       22.50,           0,           0,       -1.27,           0,   uW/m^2*Sr,
2010-03-10 17:21:58,           0,           0,        1023,           1,        -272,       22.50,           0,           0,       -1.27,           0,   uW/m^2*Sr,
2010-03-10 17:22:10,           0,           0,        1023,           1,        -272,       22.50,           0,           0,       -1.27,           0,   uW/m^2*Sr,
2010-03-10 17:22:17,           0,           0,        1023,           1,        -272,       22.50,           0,           0,       -1.27,           0,   uW/m^2*Sr,
2010-03-10 17:22:32,           0,           0,        1023,           1,        -272,       22.50,           0,           0,       -1.27,           0,   uW/m^2*Sr,
2010-03-10 17:22:46,           0,           0,        1023,           1,        -272,       22.50,           0,           0,       -1.27,           0,   uW/m^2*Sr,
2010-03-10 17:23:00,           0,           0,        1023,           1,        -272,       22.50,           0,           0,       -1.27,           0,   uW/m^2*Sr,
2010-03-10 17:23:02,           0,           0,        1023,           1,        -272,       22.50,           0,           0,       -1.27,           0,   uW/m^2*Sr,
2010-03-10 17:23:21,           0,           0,        1023,           1,        -272,       22.50,           0,           0,       -1.27,           0,   uW/m^2*Sr,
2010-03-10 17:23:51,           0,           0,        1023,           1,        -272,       22.50,           0,           0,       -1.27,           0,   uW/m^2*Sr,
2010-03-10 17:23:56,           0,           0,        1023,           1,        -272,       22.50,           0,           0,       -1.27,           0,   uW/m^2*Sr,
2010-03-10 17:24:08,           0,           0,        1023,           1,        -272,       22.50,           0,           0,       -1.27,           0,   uW/m^2*Sr,
2010-03-10 17:24:21,           0,           0,        1023,           1,        -272,       22.50,           0,           0,       -1.27,           0,   uW/m^2*Sr,
2010-03-10 17:24:30,           0,           0,        1023,           1,        -272,       22.50,           0,           0,       -1.27,           0,   uW/m^2*Sr,
2010-03-10 17:24:32,           0,           0,        1023,           1,        -272,       22.50,           0,           0,       -1.27,           0,   uW/m^2*Sr,
2010-03-10 17:24:40,           0,           0,        1023,           1,        -272,       22.50,           0,           0,       -1.27,           0,   uW/m^2*Sr,
2010-03-10 17:24:54,           0,           0,        1023,           1,        -272,       22.50,           0,           0,       -1.27,           0,   uW/m^2*Sr,
2010-03-10 17:25:05,           0,           0,        1023,           1,        -272,       22.50,           0,           0,       -1.27,           0,   uW/m^2*Sr,
2010-03-10 17:25:08,           0,           0,        1023,           1,        -272,       22.50,           0,           0,       -1.27,           0,   uW/m^2*Sr,
2010-03-10 17:25:24,           0,           0,        1023,           1,        -272,       22.50,           0,           0,       -1.27,           0,   uW/m^2*Sr,
2010-03-10 17:25:29,           0,           0,        1023,           1,        -272,       22.50,           0,           0,       -1.27,           0,   uW/m^2*Sr,
2010-03-10 17:25:36,           0,           0,        1023,           1,        -272,       22.50,           0,           0,       -1.27,           0,   uW/m^2*Sr,
2010-03-10 17:25:50,           0,           0,        1023,           1,        -272,       22.50,           0,           0,       -1.27,           0,   uW/m^2*Sr,
2010-03-10 17:25:56,           0,           0,        1023,           1,        -272,       22.50,           0,           0,       -1.27,           0,   uW/m^2*Sr,
2010-03-10 17:26:14,           0,           0,        1023,           1,        -272,       22.50,           0,           0,       -1.27,           0,   uW/m^2*Sr,
2010-03-10 17:26:16,           0,           0,        1023,           1,        -272,       22.50,           0,           0,       -1.27,           0,   uW/m^2*Sr,
2010-03-10 17:26:29,           0,           0,        1023,           1,        -272,       22.50,           0,           0,       -1.27,           0,   uW/m^2*Sr,
2010-03-10 17:26:40,           0,           0,        1023,           1,        -272,       22.50,           0,           0,       -1.27,           0,   uW/m^2*Sr,
2010-03-10 17:26:51,           0,           0,        1023,           1,        -272,       22.50,           0,           0,       -1.27,           0,   uW/m^2*Sr,
2010-03-10 17:26:58,           0,           0,        1023,           1,        -272,       22.50,           0,           0,       -1.27,           0,   uW/m^2*Sr,
2010-03-10 17:27:07,           0,           0,        1023,           1,        -272,       22.50,           0,           0,       -1.27,           0,   uW/m^2*Sr,
2010-03-10 17:27:16,           0,           0,        1023,           1,        -272,       22.50,           0,           0,       -1.27,           0,   uW/m^2*Sr,
2010-03-10 17:27:23,           0,           0,        1023,           1,        -272,       22.50,           0,           0,       -1.27,           0,   uW/m^2*Sr,
2010-03-10 17:27:37,           0,           0,        1023,           1,        -272,       22.50,           0,           0,       -1.27,           0,   uW/m^2*Sr,
2010-03-10 17:27:44,           0,           0,        1023,           1,        -272,       22.50,           0,           0,       -1.27,           0,   uW/m^2*Sr,
2010-03-10 17:27:55,           0,           0,        1023,           1,        -272,       22.50,           0,           0,       -1.27,           0,   uW/m^2*Sr,
2010-03-10 17:28:06,           0,           0,        1023,           1,        -272,       22.50,           0,           0,       -1.27,           0,   uW/m^2*Sr,
2010-03-10 17:28:18,           0,           0,        1023,           1,        -272,       22.50,           0,           0,       -1.27,           0,   uW/m^2*Sr,
2010-03-10 17:28:22,           0,           0,        1023,           1,        -272,       22.50,           0,           0,       -1.27,           0,   uW/m^2*Sr,
2010-03-10 17:28:30,           0,           0,        1023,           1,        -272,       22.50,           0,           0,       -1.27,           0,   uW/m^2*Sr,
2010-03-10 17:28:41,           0,           0,        1023,           1,        -272,       22.50,           0,           0,       -1.27,           0,   uW/m^2*Sr,
2010-03-10 17:28:52,           0,           0,        1023,           1,        -272,       22.50,           0,           0,       -1.27,           0,   uW/m^2*Sr,
2010-03-10 17:29:07,           0,           0,        1023,           1,        -272,       22.50,           0,           0,       -1.27,           0,   uW/m^2*Sr,
2010-03-10 17:29:16,           0,           0,        1023,           1,        -272,       22.50,           0,           0,       -1.27,           0,   uW/m^2*Sr,
2010-03-10 17:29:24,           0,           0,        1023,           1,        -272,       22.50,           0,           0,       -1.27,           0,   uW/m^2*Sr,
2010-03-10 17:29:34,           0,           0,        1023,           1,        -272,       22.50,           0,           0,       -1.27,           0,   uW/m^2*Sr,
2010-03-10 17:29:39,           0,           0,        1023,           1,        -272,       22.50,           0,           0,       -1.27,           0,   uW/m^2*Sr,
2010-03-10 17:29:55,           0,           0,        1023,           1,        -272,       22.50,           0,           0,       -1.27,           0,   uW/m^2*Sr,
2010-03-10 17:30:02,           0,           0,        1023,           1,        -272,       22.50,           0,           0,       -1.27,           0,   uW/m^2*Sr,
2010-03-10 17:30:06,           0,           0,        1023,           1,        -272,       22.50,           0,           0,       -1.27,           0,   uW/m^2*Sr,
2010-03-10 17:30:23,           0,           0,        1023,           1,        -272,       22.50,           0,           0,       -1.27,           0,   uW/m^2*Sr,
2010-03-10 17:30:30,           0,           0,        1023,           1,        -272,       22.50,           0,           0,       -1.27,           0,   uW/m^2*Sr,
2010-03-10 17:30:41,           0,           0,        1023,           1,        -272,       22.50,           0,           0,       -1.27,           0,   uW/m^2*Sr,
2010-03-10 17:30:52,           0,           0,        1023,           1,        -272,       22.50,           0,           0,       -1.27,           0,   uW/m^2*Sr,
2010-03-10 17:30:55,           0,           0,        1023,           1,        -272,       22.50,           0,           0,       -1.27,           0,   uW/m^2*Sr,
2010-03-10 17:31:11,           0,           0,        1023,           1,        -272,       22.50,           0,           0,       -1.27,           0,   uW/m^2*Sr,
2010-03-10 17:31:16,           0,           0,        1023,           1,        -272,       22.50,           0,           0,       -1.27,           0,   uW/m^2*Sr,
2010-03-10 17:31:30,           0,           0,        1023,           1,        -272,       22.50,           0,           0,       -1.27,           0,   uW/m^2*Sr,
2010-03-10 17:31:34,           0,           0,        1023,           1,        -272,       22.50,           0,           0,       -1.27,           0,   uW/m^2*Sr,
2010-03-10 18:07:09,           8,           1,        1023,           1,        -272,       22.50,           0,           0,        3.80,           0,   uW/m^2*Sr,
2010-03-10 18:08:47,           8,           1,        1023,           1,        -272,       22.50,           0,           0,        3.80,           0,   uW/m^2*Sr,
2010-03-10 18:08:56,           8,           1,        1023,           1,        -272,       22.50,           0,           0,        3.80,           0,   uW/m^2*Sr,
2010-03-10 18:09:07,           8,           1,        1023,           1,        -272,       22.50,           0,           0,        3.80,           0,   uW/m^2*Sr,
2010-03-10 18:09:19,           8,           1,        1023,           1,        -272,       22.50,           0,           0,        3.80,           0,   uW/m^2*Sr,
2010-03-10 18:09:30,           8,           1,        1023,           1,        -272,       22.50,           0,           0,        3.80,           0,   uW/m^2*Sr,
2010-03-10 18:11:18,           8,           1,        1023,           1,        -272,       22.50,           0,           0,        3.80,           0,   uW/m^2*Sr,
2010-03-10 18:11:22,           8,           1,        1023,           1,        -272,       22.50,           0,           0,        3.80,           0,   uW/m^2*Sr,
2010-03-10 18:11:40,           8,           1,        1023,           1,        -272,       22.50,           0,           0,        3.80,           0,   uW/m^2*Sr,
2010-03-10 18:11:50,           8,           1,        1023,           1,        -272,       22.50,           0,           0,        3.80,           0,   uW/m^2*Sr,
2010-03-10 18:11:55,           8,           1,        1023,           1,        -272,       22.50,           0,           0,        3.80,           0,   uW/m^2*Sr,
2010-03-10 18:12:13,           8,           1,        1023,           1,        -272,       22.50,           0,           0,        3.80,           0,   uW/m^2*Sr,
2010-03-10 18:12:37,           8,           1,        1023,           1,        -272,       22.50,           0,           0,        3.80,           0,   uW/m^2*Sr,
2010-03-10 18:12:46,           8,           1,        1023,           1,        -272,       22.50,           0,           0,        3.80,           0,   uW/m^2*Sr,
2010-03-10 18:12:58,           8,           1,        1023,           1,        -272,       22.50,           0,           0,        3.80,           0,   uW/m^2*Sr,
2010-03-10 18:13:02,           8,           1,        1023,           1,        -272,       22.50,           0,           0,        3.80,           0,   uW/m^2*Sr,
2010-03-10 18:13:21,           8,           1,        1023,           1,        -272,       22.50,           0,           0,        3.80,           0,   uW/m^2*Sr,
2010-03-10 18:13:27,           8,           1,        1023,           1,        -272,       22.50,           0,           0,        3.80,           0,   uW/m^2*Sr,
2010-03-10 18:13:39,           8,           1,        1023,           1,        -272,       22.50,           0,           0,        3.80,           0,   uW/m^2*Sr,
2010-03-10 18:13:41,           8,           1,        1023,           1,        -272,       22.50,           0,           0,        3.80,           0,   uW/m^2*Sr,
2010-03-10 18:13:50,           8,           1,        1023,           1,        -272,       22.50,           0,           0,        3.80,           0,   uW/m^2*Sr,
2010-03-10 18:14:05,           8,           1,        1023,           1,        -272,       22.50,           0,           0,        3.80,           0,   uW/m^2*Sr,
2010-03-10 18:14:17,           8,           1,        1023,           1,        -272,       22.50,           0,           0,        3.80,           0,   uW/m^2*Sr,
2010-03-10 18:14:25,           8,           1,        1023,           1,        -272,       22.50,           0,           0,        3.80,           0,   uW/m^2*Sr,
2010-03-10 18:14:34,           8,           1,        1023,           1,        -272,       22.50,           0,           0,        3.80,           0,   uW/m^2*Sr,
2010-03-10 18:14:45,           8,           1,        1023,           1,        -272,       22.50,           0,           0,        3.80,           0,   uW/m^2*Sr,
2010-03-10 18:14:47,           8,           1,        1023,           1,        -272,       22.50,           0,           0,        3.80,           0,   uW/m^2*Sr,
2010-03-10 18:14:56,           8,           1,        1023,           1,        -272,       22.50,           0,           0,        3.80,           0,   uW/m^2*Sr,
2010-03-10 18:15:15,           8,           1,        1023,           1,        -272,       22.50,           0,           0,        3.80,           0,   uW/m^2*Sr,
2010-03-10 18:15:16,           8,           1,        1023,           1,        -272,       22.50,           0,           0,        3.80,           0,   uW/m^2*Sr,
2010-03-10 18:15:30,           8,           1,        1023,           1,        -272,       22.50,           0,           0,        3.80,           0,   uW/m^2*Sr,
2010-03-10 18:15:37,           8,           1,        1023,           1,        -272,       22.50,           0,           0,        3.80,           0,   uW/m^2*Sr,
2010-03-10 18:15:46,           8,           1,        1023,           1,        -272,       22.50,           0,           0,        3.80,           0,   uW/m^2*Sr,
2010-03-10 18:15:58,           8,           1,        1023,           1,        -272,       22.50,           0,           0,        3.80,           0,   uW/m^2*Sr,
2010-03-10 18:16:07,           8,           1,        1023,           1,        -272,       22.50,           0,           0,        3.80,           0,   uW/m^2*Sr,
2010-03-10 18:16:18,           8,           1,        1023,           1,        -272,       22.50,           0,           0,        3.80,           0,   uW/m^2*Sr,
2010-03-10 18:16:31,           8,           1,        1023,           1,        -272,       22.50,           0,           0,        3.80,           0,   uW/m^2*Sr,
2010-03-10 18:16:38,           8,           1,        1023,           1,        -272,       22.50,           0,           0,        3.80,           0,   uW/m^2*Sr,
2010-03-10 18:16:48,           8,           1,        1023,           1,        -272,       22.50,           0,           0,        3.80,           0,   uW/m^2*Sr,
2010-03-10 18:16:56,           8,           1,        1023,           1,        -272,       22.50,           0,           0,        3.80,           0,   uW/m^2*Sr,
2010-03-10 18:17:02,           8,           1,        1023,           1,        -272,       22.50,           0,           0,        3.80,           0,   uW/m^2*Sr,
2010-03-10 18:17:14,           8,           1,        1023,           1,        -272,       22.50,           0,           0,        3.80,           0,   uW/m^2*Sr,
2010-03-10 18:17:28,           8,           1,        1023,           1,        -272,       22.50,           0,           0,        3.80,           0,   uW/m^2*Sr,
2010-03-10 18:17:35,           8,           1,        1023,           1,        -272,       22.50,           0,           0,        3.80,           0,   uW/m^2*Sr,
2010-03-10 18:17:44,           8,           1,        1023,           1,        -272,       22.50,           0,           0,        3.80,           0,   uW/m^2*Sr,
2010-03-10 18:17:49,           8,           1,        1023,           1,        -272,       22.50,           0,           0,        3.80,           0,   uW/m^2*Sr,
2010-03-10 18:18:01,           8,           1,        1023,           1,        -272,       22.50,           0,           0,        3.80,           0,   uW/m^2*Sr,
2010-03-10 18:18:15,           8,           1,        1023,           1,        -272,       22.50,           0,           0,        3.80,           0,   uW/m^2*Sr,
2010-03-10 18:18:27,           8,           1,        1023,           1,        -272,       22.50,           0,           0,        3.80,           0,   uW/m^2*Sr,
2010-03-10 18:18:36,           8,           1,        1023,           1,        -272,       22.50,           0,           0,        3.80,           0,   uW/m^2*Sr,
2010-03-10 18:18:39,           8,           1,        1023,           1,        -272,       22.50,           0,           0,        3.80,           0,   uW/m^2*Sr,
2010-03-10 18:18:54,           8,           1,        1023,           1,        -272,       22.50,           0,           0,        3.80,           0,   uW/m^2*Sr,
2010-03-10 18:18:58,           8,           1,        1023,           1,        -272,       22.50,           0,           0,        3.80,           0,   uW/m^2*Sr,
2010-03-10 18:19:05,           8,           1,        1023,           1,        -272,       22.50,           0,           0,        3.80,           0,   uW/m^2*Sr,
2010-03-10 18:19:19,           8,           1,        1023,           1,        -272,       22.50,           0,           0,        3.80,           0,   uW/m^2*Sr,
2010-03-10 18:19:29,           8,           1,        1023,           1,        -272,       22.50,           0,           0,        3.80,           0,   uW/m^2*Sr,
2010-03-10 18:19:36,           8,           1,        1023,           1,        -272,       22.50,           0,           0,        3.80,           0,   uW/m^2*Sr,
2010-03-10 18:19:44,           8,           1,        1023,           1,        -272,       22.50,           0,           0,        3.80,           0,   uW/m^2*Sr,
2010-03-10 18:19:55,           8,           1,        1023,           1,        -272,       22.50,           0,           0,        3.80,           0,   uW/m^2*Sr,
2010-03-10 18:20:02,           8,           1,        1023,           1,        -272,       22.50,           0,           0,        3.80,           0,   uW/m^2*Sr,
2010-03-10 18:20:15,           8,           1,        1023,           1,        -272,       22.50,           0,           0,        3.80,           0,   uW/m^2*Sr,
2010-03-10 18:20:22,           8,           1,        1023,           1,        -272,       22.50,           0,           0,        3.80,           0,   uW/m^2*Sr,
2010-03-10 18:20:33,           8,           1,        1023,           1,        -272,       22.50,           0,           0,        3.80,           0,   uW/m^2*Sr,
2010-03-10 18:20:47,           8,           1,        1023,           1,        -272,       22.50,           0,           0,        3.80,           0,   uW/m^2*Sr,
2010-03-10 18:20:52,           8,           1,        1023,           1,        -272,       22.50,           0,           0,        3.80,           0,   uW/m^2*Sr,
2010-03-10 18:21:21,           8,           1,        1023,           1,        -272,       22.50,           0,           0,        3.80,           0,   uW/m^2*Sr,
2010-03-10 18:21:28,           8,           1,        1023,           1,        -272,       22.50,           0,           0,        3.80,           0,   uW/m^2*Sr,
2010-03-10 18:21:52,           8,           1,        1023,           1,        -272,       22.50,           0,           0,        3.80,           0,   uW/m^2*Sr,
2010-03-10 18:22:01,           4,           0,        1023,           1,        -272,       22.50,           0,           0,        1.27,           0,   uW/m^2*Sr,
2010-03-10 18:22:05,           8,           1,        1023,           1,        -272,       22.50,           0,           0,        3.80,           0,   uW/m^2*Sr,
2010-03-10 18:22:13,           8,           1,        1023,           1,        -272,       22.50,           0,           0,        3.80,           0,   uW/m^2*Sr,
2010-03-10 18:22:27,           8,           1,        1023,           1,        -272,       22.50,           0,           0,        3.80,           0,   uW/m^2*Sr,
2010-03-10 18:22:35,           4,           0,        1023,           1,        -272,       22.50,           0,           0,        1.27,           0,   uW/m^2*Sr,
2010-03-10 18:22:43,           4,           0,        1023,           1,        -272,       22.50,           0,           0,        1.27,           0,   uW/m^2*Sr,
2010-03-10 18:22:59,           4,           0,        1023,           1,        -272,       22.50,           0,           0,        1.27,           0,   uW/m^2*Sr,
2010-03-10 18:23:07,           4,           0,        1023,           1,        -272,       22.50,           0,           0,        1.27,           0,   uW/m^2*Sr,
2010-03-10 18:23:12,           4,           0,        1023,           1,        -272,       22.50,           0,           0,        1.27,           0,   uW/m^2*Sr,
2010-03-10 18:23:19,           4,           0,        1023,           1,        -272,       22.50,           0,           0,        1.27,           0,   uW/m^2*Sr,
2010-03-10 18:23:32,           4,           0,        1023,           1,        -272,       22.50,           0,           0,        1.27,           0,   uW/m^2*Sr,
2010-03-10 18:23:41,           4,           0,        1023,           1,        -272,       22.50,           0,           0,        1.27,           0,   uW/m^2*Sr,
2010-03-10 18:23:53,           4,           0,        1023,           1,        -272,       22.50,           0,           0,        1.27,           0,   uW/m^2*Sr,
2010-03-10 18:24:02,           4,           0,        1023,           1,        -272,       22.50,           0,           0,        1.27,           0,   uW/m^2*Sr,
2010-03-10 18:24:13,           4,           0,        1023,           1,        -272,       22.50,           0,           0,        1.27,           0,   uW/m^2*Sr,
2010-03-10 18:24:17,           4,           0,        1023,           1,        -272,       22.50,           0,           0,        1.27,           0,   uW/m^2*Sr,
2010-03-10 18:24:29,           4,           0,        1023,           1,        -272,       22.50,           0,           0,        1.27,           0,   uW/m^2*Sr,
2010-03-10 18:24:37,           4,           0,        1023,           1,        -272,       22.50,           0,           0,        1.27,           0,   uW/m^2*Sr,
2010-03-10 18:24:45,           4,           0,        1023,           1,        -272,       22.50,           0,           0,        1.27,           0,   uW/m^2*Sr,
2010-03-10 18:25:01,           4,           0,        1023,           1,        -272,       22.50,           0,           0,        1.27,           0,   uW/m^2*Sr,
2010-03-10 18:25:13,           4,           0,        1023,           1,        -272,       22.50,           0,           0,        1.27,           0,   uW/m^2*Sr,
2010-03-10 18:25:15,           8,           1,        1023,           1,        -272,       22.50,           0,           0,        3.80,           0,   uW/m^2*Sr,
2010-03-10 18:25:26,           8,           1,        1023,           1,        -272,       22.50,           0,           0,        3.80,           0,   uW/m^2*Sr,
2010-03-10 18:25:40,           8,           1,        1023,           1,        -272,       22.50,           0,           0,        3.80,           0,   uW/m^2*Sr,
2010-03-10 18:25:42,           8,           1,        1023,           1,        -272,       22.50,           0,           0,        3.80,           0,   uW/m^2*Sr,
2010-03-10 18:26:01,           8,           1,        1023,           1,        -272,       22.50,           0,           0,        3.80,           0,   uW/m^2*Sr,
2010-03-10 18:26:10,           8,           1,        1023,           1,        -272,       22.50,           0,           0,        3.80,           0,   uW/m^2*Sr,
2010-03-10 18:26:12,           8,           1,        1023,           1,        -272,       22.50,           0,           0,        3.80,           0,   uW/m^2*Sr,
2010-03-10 18:26:25,           8,           1,        1023,           1,        -272,       22.50,           0,           0,        3.80,           0,   uW/m^2*Sr,
2010-03-10 18:26:31,           8,           1,        1023,           1,        -272,       22.50,           0,           0,        3.80,           0,   uW/m^2*Sr,
2010-03-10 18:26:43,           8,           1,        1023,           1,        -272,       22.50,           0,           0,        3.80,           0,   uW/m^2*Sr,
2010-03-10 18:26:57,           8,           1,        1023,           1,        -272,       22.50,           0,           0,        3.80,           0,   uW/m^2*Sr,
2010-03-10 18:27:03,           8,           1,        1023,           1,        -272,       22.50,           0,           0,        3.80,           0,   uW/m^2*Sr,
2010-03-10 18:27:07,           8,           1,        1023,           1,        -272,       22.50,           0,           0,        3.80,           0,   uW/m^2*Sr,
2010-03-10 18:27:26,           8,           1,        1023,           1,        -272,       22.50,           0,           0,        3.80,           0,   uW/m^2*Sr,
2010-03-10 18:27:32,           8,           1,        1023,           1,        -272,       22.50,           0,           0,        3.80,           0,   uW/m^2*Sr,
2010-03-10 18:27:36,           8,           1,        1023,           1,        -272,       22.50,           0,           0,        3.80,           0,   uW/m^2*Sr,
2010-03-10 18:27:49,           8,           1,        1023,           1,        -272,       22.50,           0,           0,        3.80,           0,   uW/m^2*Sr,
2010-03-10 18:28:02,           8,           1,        1023,           1,        -272,       22.50,           0,           0,        3.80,           0,   uW/m^2*Sr,
2010-03-10 18:28:08,           8,           1,        1023,           1,        -272,       22.50,           0,           0,        3.80,           0,   uW/m^2*Sr,
2010-03-10 18:28:16,           8,           1,        1023,           1,        -272,       22.50,           0,           0,        3.80,           0,   uW/m^2*Sr,
2010-03-10 18:28:31,           8,           1,        1023,           1,        -272,       22.50,           0,           0,        3.80,           0,   uW/m^2*Sr,
2010-03-10 18:28:32,           8,           1,        1023,           1,        -272,       22.50,           0,           0,        3.80,           0,   uW/m^2*Sr,
2010-03-10 18:28:43,           8,           1,        1023,           1,        -272,       22.50,           0,           0,        3.80,           0,   uW/m^2*Sr,
2010-03-10 18:29:00,           8,           1,        1023,           1,        -272,       22.50,           0,           0,        3.80,           0,   uW/m^2*Sr,
2010-03-10 18:29:02,           8,           1,        1023,           1,        -272,       22.50,           0,           0,        3.80,           0,   uW/m^2*Sr,
2010-03-10 18:29:13,           8,           1,        1023,           1,        -272,       22.50,           0,           0,        3.80,           0,   uW/m^2*Sr,
2010-03-10 18:29:28,           4,           0,        1023,           1,        -272,       22.50,           0,           0,        1.27,           0,   uW/m^2*Sr,
2010-03-10 18:29:35,           8,           1,        1023,           1,        -272,       22.50,           0,           0,        3.80,           0,   uW/m^2*Sr,
2010-03-10 18:29:40,           4,           0,        1023,           1,        -272,       22.50,           0,           0,        1.27,           0,   uW/m^2*Sr,
2010-03-10 18:29:57,           8,           1,        1023,           1,        -272,       22.50,           0,           0,        3.80,           0,   uW/m^2*Sr,
2010-03-10 18:30:01,           8,           1,        1023,           1,        -272,       22.50,           0,           0,        3.80,           0,   uW/m^2*Sr,
2010-03-10 18:30:13,           8,           1,        1023,           1,        -272,       22.50,           0,           0,        3.80,           0,   uW/m^2*Sr,
2010-03-10 18:30:23,           4,           0,        1023,           1,        -272,       22.50,           0,           0,        1.27,           0,   uW/m^2*Sr,
2010-03-10 18:30:28,           4,           0,        1023,           1,        -272,       22.50,           0,           0,        1.27,           0,   uW/m^2*Sr,
2010-03-10 18:30:39,           4,           0,        1023,           1,        -272,       22.50,           0,           0,        1.27,           0,   uW/m^2*Sr,
2010-03-10 18:30:53,           4,           0,        1023,           1,        -272,       22.50,           0,           0,        1.27,           0,   uW/m^2*Sr,
2010-03-10 18:31:00,           4,           0,        1023,           1,        -272,       22.50,           0,           0,        1.27,           0,   uW/m^2*Sr,
2010-03-10 18:31:08,           4,           0,        1023,           1,        -272,       22.50,           0,           0,        1.27,           0,   uW/m^2*Sr,
2010-03-10 18:31:16,           4,           0,        1023,           1,        -272,       22.50,           0,           0,        1.27,           0,   uW/m^2*Sr,
2010-03-10 18:31:26,           4,           0,        1023,           1,        -272,       22.50,           0,           0,        1.27,           0,   uW/m^2*Sr,
2010-03-10 18:31:39,           4,           0,        1023,           1,        -272,       22.50,           0,           0,        1.27,           0,   uW/m^2*Sr,
2010-03-10 18:31:46,           4,           0,        1023,           1,        -272,       22.50,           0,           0,        1.27,           0,   uW/m^2*Sr,
2010-03-10 18:31:55,           4,           0,        1023,           1,        -272,       22.50,           0,           0,        1.27,           0,   uW/m^2*Sr,
2010-03-10 18:32:04,           4,           0,        1023,           1,        -272,       22.50,           0,           0,        1.27,           0,   uW/m^2*Sr,
2010-03-10 18:32:18,           4,           0,        1023,           1,        -272,       22.50,           0,           0,        1.27,           0,   uW/m^2*Sr,
2010-03-10 18:32:28,           4,           0,        1023,           1,        -272,       22.50,           0,           0,        1.27,           0,   uW/m^2*Sr,
2010-03-10 18:32:33,           4,           0,        1023,           1,        -272,       22.50,           0,           0,        1.27,           0,   uW/m^2*Sr,
2010-03-10 18:32:46,           4,           0,        1023,           1,        -272,       22.50,           0,           0,        1.27,           0,   uW/m^2*Sr,
2010-03-10 18:32:57,           4,           0,        1023,           1,        -272,       22.50,           0,           0,        1.27,           0,   uW/m^2*Sr,
2010-03-10 18:33:00,           4,           0,        1023,           1,        -272,       22.50,           0,           0,        1.27,           0,   uW/m^2*Sr,
2010-03-10 18:33:09,           4,           0,        1023,           1,        -272,       22.50,           0,           0,        1.27,           0,   uW/m^2*Sr,
2010-03-10 18:33:25,           4,           0,        1023,           1,        -272,       22.50,           0,           0,        1.27,           0,   uW/m^2*Sr,
2010-03-10 18:33:34,           4,           0,        1023,           1,        -272,       22.50,           0,           0,        1.27,           0,   uW/m^2*Sr,
2010-03-10 18:33:44,           4,           0,        1023,           1,        -272,       22.50,           0,           0,        1.27,           0,   uW/m^2*Sr,
2010-03-10 18:33:49,           4,           0,        1023,           1,        -272,       22.50,           0,           0,        1.27,           0,   uW/m^2*Sr,
2010-03-10 18:33:59,           4,           0,        1023,           1,        -272,       22.50,           0,           0,        1.27,           0,   uW/m^2*Sr,
2010-03-10 18:34:06,           4,           0,        1023,           1,        -272,       22.50,           0,           0,        1.27,           0,   uW/m^2*Sr,
2010-03-10 18:34:15,           4,           0,        1023,           1,        -272,       22.50,           0,           0,        1.27,           0,   uW/m^2*Sr,
2010-03-10 18:34:28,           4,           0,        1023,           1,        -272,       22.50,           0,           0,        1.27,           0,   uW/m^2*Sr,
2010-03-10 18:34:38,           4,           0,        1023,           1,        -272,       22.50,           0,           0,        1.27,           0,   uW/m^2*Sr,
2010-03-10 18:34:43,           4,           0,        1023,           1,        -272,       22.50,           0,           0,        1.27,           0,   uW/m^2*Sr,
2010-03-10 18:35:00,           4,           0,        1023,           1,        -272,       22.50,           0,           0,        1.27,           0,   uW/m^2*Sr,
2010-03-10 18:35:09,           4,           0,        1023,           1,        -272,       22.50,           0,           0,        1.27,           0,   uW/m^2*Sr,
2010-03-10 18:35:18,           4,           0,        1023,           1,        -272,       22.50,           0,           0,        1.27,           0,   uW/m^2*Sr,
2010-03-10 18:35:29,           4,           0,        1023,           1,        -272,       22.50,           0,           0,        1.27,           0,   uW/m^2*Sr,
2010-03-10 18:35:39,           4,           0,        1023,           1,        -272,       22.50,           0,           0,        1.27,           0,   uW/m^2*Sr,
2010-03-10 18:35:42,           4,           0,        1023,           1,        -272,       22.50,           0,           0,        1.27,           0,   uW/m^2*Sr,
2010-03-10 18:35:50,           4,           0,        1023,           1,        -272,       22.50,           0,           0,        1.27,           0,   uW/m^2*Sr,
2010-03-10 18:36:04,           4,           0,        1023,           1,        -272,       22.50,           0,           0,        1.27,           0,   uW/m^2*Sr,
2010-03-10 18:36:18,           4,           0,        1023,           1,        -272,       22.50,           0,           0,        1.27,           0,   uW/m^2*Sr,
2010-03-10 18:36:23,           4,           0,        1023,           1,        -272,       22.50,           0,           0,        1.27,           0,   uW/m^2*Sr,
2010-03-10 18:36:34,           4,           0,        1023,           1,        -272,       22.50,           0,           0,        1.27,           0,   uW/m^2*Sr,
2010-03-10 18:36:47,           4,           0,        1023,           1,        -272,       22.50,           0,           0,        1.27,           0,   uW/m^2*Sr,
2010-03-10 18:36:49,           4,           0,        1023,           1,        -272,       22.50,           0,           0,        1.27,           0,   uW/m^2*Sr,
2010-03-10 18:37:01,           4,           0,        1023,           1,        -272,       22.50,           0,           0,        1.27,           0,   uW/m^2*Sr,
2010-03-10 18:37:13,           4,           0,        1023,           1,        -272,       22.50,           0,           0,        1.27,           0,   uW/m^2*Sr,
2010-03-10 18:37:19,           4,           0,        1023,           1,        -272,       22.50,           0,           0,        1.27,           0,   uW/m^2*Sr,
2010-03-10 18:37:26,           4,           0,        1023,           1,        -272,       22.50,           0,           0,        1.27,           0,   uW/m^2*Sr,
2010-03-10 18:37:40,           4,           0,        1023,           1,        -272,       22.50,           0,           0,        1.27,           0,   uW/m^2*Sr,
2010-03-10 18:37:52,           4,           0,        1023,           1,        -272,       22.50,           0,           0,        1.27,           0,   uW/m^2*Sr,
2010-03-10 18:37:56,           4,           0,        1023,           1,        -272,       22.50,           0,           0,        1.27,           0,   uW/m^2*Sr,
2010-03-10 18:38:05,           4,           0,        1023,           1,        -272,       22.50,           0,           0,        1.27,           0,   uW/m^2*Sr,
2010-03-10 18:38:19,           4,           0,        1023,           1,        -272,       22.50,           0,           0,        1.27,           0,   uW/m^2*Sr,
2010-03-10 18:38:27,           4,           0,        1023,           1,        -272,       22.50,           0,           0,        1.27,           0,   uW/m^2*Sr,
2010-03-10 18:38:38,           4,           0,        1023,           1,        -272,       22.50,           0,           0,        1.27,           0,   uW/m^2*Sr,
2010-03-10 18:38:48,           4,           0,        1023,           1,        -272,       22.50,           0,           0,        1.27,           0,   uW/m^2*Sr,
2010-03-10 18:38:57,           4,           0,        1023,           1,        -272,       22.50,           0,           0,        1.27,           0,   uW/m^2*Sr,
2010-03-10 18:39:06,           4,           0,        1023,           1,        -272,       22.50,           0,           0,        1.27,           0,   uW/m^2*Sr,
2010-03-10 18:39:17,           4,           0,        1023,           1,        -272,       22.50,           0,           0,        1.27,           0,   uW/m^2*Sr,
2010-03-10 18:39:27,           4,           0,        1023,           1,        -272,       22.50,           0,           0,        1.27,           0,   uW/m^2*Sr,
2010-03-10 18:39:34,           4,           0,        1023,           1,        -272,       22.50,           0,           0,        1.27,           0,   uW/m^2*Sr,
2010-03-10 18:39:43,           4,           0,        1023,           1,        -272,       22.50,           0,           0,        1.27,           0,   uW/m^2*Sr,
2010-03-10 18:39:55,           4,           0,        1023,           1,        -272,       22.50,           0,           0,        1.27,           0,   uW/m^2*Sr,
2010-03-10 18:40:02,           4,           0,        1023,           1,        -272,       22.50,           0,           0,        1.27,           0,   uW/m^2*Sr,
2010-03-10 18:40:09,           4,           0,        1023,           1,        -272,       22.50,           0,           0,        1.27,           0,   uW/m^2*Sr,
2010-03-10 18:40:24,           4,           0,        1023,           1,        -272,       22.50,           0,           0,        1.27,           0,   uW/m^2*Sr,
2010-03-10 18:40:31,           4,           0,        1023,           1,        -272,       22.50,           0,           0,        1.27,           0,   uW/m^2*Sr,
2010-03-10 18:40:35,           4,           0,        1023,           1,        -272,       22.50,           0,           0,        1.27,           0,   uW/m^2*Sr,
2010-03-10 18:40:51,           4,           0,        1023,           1,        -272,       22.50,           0,           0,        1.27,           0,   uW/m^2*Sr,
2010-03-10 18:40:56,           4,           0,        1023,           1,        -272,       22.50,           0,           0,        1.27,           0,   uW/m^2*Sr,
2010-03-10 18:41:37,           4,           0,        1023,           1,        -272,       22.50,           0,           0,        1.27,           0,   uW/m^2*Sr,
2010-03-10 18:41:44,           4,           0,        1023,           1,        -272,       22.50,           0,           0,        1.27,           0,   uW/m^2*Sr,
2010-03-10 18:42:23,           4,           0,        1023,           1,        -272,       22.50,           0,           0,        1.27,           0,   uW/m^2*Sr,
2010-03-10 18:42:47,           4,           0,        1023,           1,        -272,       22.50,           0,           0,        1.27,           0,   uW/m^2*Sr,
2010-03-10 18:43:13,           4,           0,        1023,           1,        -272,       22.50,           0,           0,        1.27,           0,   uW/m^2*Sr,
2010-03-10 18:43:25,           4,           0,        1023,           1,        -272,       22.50,           0,           0,        1.27,           0,   uW/m^2*Sr,
2010-03-10 18:44:02,           4,           0,        1023,           1,        -272,       22.50,           0,           0,        1.27,           0,   uW/m^2*Sr,
2010-03-10 18:44:22,           4,           0,        1023,           1,        -272,       22.50,           0,           0,        1.27,           0,   uW/m^2*Sr,
2010-03-10 18:44:29,           4,           0,        1023,           1,        -272,       22.50,           0,           0,        1.27,           0,   uW/m^2*Sr,
2010-03-10 18:44:48,           4,           0,        1023,           1,        -272,       22.50,           0,           0,        1.27,           0,   uW/m^2*Sr,
2010-03-10 18:45:19,           4,           0,        1023,           1,        -272,       22.50,           0,           0,        1.27,           0,   uW/m^2*Sr,
2010-03-10 18:45:38,           4,           0,        1023,           1,        -272,       22.50,           0,           0,        1.27,           0,   uW/m^2*Sr,
2010-03-10 18:45:53,           4,           0,        1023,           1,        -272,       22.50,           0,           0,        1.27,           0,   uW/m^2*Sr,
2010-03-10 18:46:13,           4,           0,        1023,           1,        -272,       22.50,           0,           0,        1.27,           0,   uW/m^2*Sr,
2010-03-10 18:46:46,           4,           0,        1023,           1,        -272,       22.50,           0,           0,        1.27,           0,   uW/m^2*Sr,
2010-03-10 18:46:53,           4,           0,        1023,           1,        -272,       22.50,           0,           0,        1.27,           0,   uW/m^2*Sr,
2010-03-10 18:47:22,           4,           0,        1023,           1,        -272,       22.50,           0,           0,        1.27,           0,   uW/m^2*Sr,
2010-03-10 18:47:53,           4,           0,        1023,           1,        -272,       22.50,           0,           0,        1.27,           0,   uW/m^2*Sr,
2010-03-10 18:48:11,           4,           0,        1023,           1,        -272,       22.50,           0,           0,        1.27,           0,   uW/m^2*Sr,
2010-03-10 18:48:38,           4,           0,        1023,           1,        -272,       22.50,           0,           0,        1.27,           0,   uW/m^2*Sr,
2010-03-10 18:48:53,           4,           0,        1023,           1,        -272,       22.50,           0,           0,        1.27,           0,   uW/m^2*Sr,
2010-03-10 18:49:19,           4,           0,        1023,           1,        -272,       22.50,           0,           0,        1.27,           0,   uW/m^2*Sr,
2010-03-10 18:49:28,           4,           0,        1023,           1,        -272,       22.50,           0,           0,        1.27,           0,   uW/m^2*Sr,
2010-03-10 18:49:57,           4,           0,        1023,           1,        -272,       22.50,           0,           0,        1.27,           0,   uW/m^2*Sr,
2010-03-10 18:50:18,           4,           0,        1023,           1,        -272,       22.50,           0,           0,        1.27,           0,   uW/m^2*Sr,
2010-03-10 18:50:27,           4,           0,        1023,           1,        -272,       22.50,           0,           0,        1.27,           0,   uW/m^2*Sr,
2010-03-10 18:50:51,           4,           0,        1023,           1,        -272,       22.50,           0,           0,        1.27,           0,   uW/m^2*Sr,
2010-03-10 18:51:27,           4,           0,        1023,           1,        -272,       22.50,           0,           0,        1.27,           0,   uW/m^2*Sr,
2010-03-10 18:51:31,           4,           0,        1023,           1,        -272,       22.50,           0,           0,        1.27,           0,   uW/m^2*Sr,
2010-03-10 18:51:55,           4,           0,        1023,           1,        -272,       22.50,           0,           0,        1.27,           0,   uW/m^2*Sr,
2010-03-10 18:52:22,           4,           0,        1023,           1,        -272,       22.50,           0,           0,        1.27,           0,   uW/m^2*Sr,
2010-03-10 18:52:41,           4,           0,        1023,           1,        -272,       22.50,           0,           0,        1.27,           0,   uW/m^2*Sr,
2010-03-10 18:53:01,           4,           0,        1023,           1,        -272,       22.50,           0,           0,        1.27,           0,   uW/m^2*Sr,
2010-03-10 18:53:33,           4,           0,        1023,           1,        -272,       22.50,           0,           0,        1.27,           0,   uW/m^2*Sr,
2010-03-10 18:53:53,           4,           0,        1023,           1,        -272,       22.50,           0,           0,        1.27,           0,   uW/m^2*Sr,
2010-03-10 18:54:13,           4,           0,        1023,           1,        -272,       22.50,           0,           0,        1.27,           0,   uW/m^2*Sr,
2010-03-10 18:54:32,           4,           0,        1023,           1,        -272,       22.50,           0,           0,        1.27,           0,   uW/m^2*Sr,
2010-03-10 18:54:51,           4,           0,        1023,           1,        -272,       22.50,           0,           0,        1.27,           0,   uW/m^2*Sr,
2010-03-10 18:55:02,           4,           0,        1023,           1,        -272,       22.50,           0,           0,        1.27,           0,   uW/m^2*Sr,
2010-03-10 18:55:25,           4,           0,        1023,           1,        -272,       22.50,           0,           0,        1.27,           0,   uW/m^2*Sr,
2010-03-10 18:55:54,           4,           0,        1023,           1,        -272,       22.50,           0,           0,        1.27,           0,   uW/m^2*Sr,
2010-03-10 18:56:11,           4,           0,        1023,           1,        -272,       22.50,           0,           0,        1.27,           0,   uW/m^2*Sr,
2010-03-10 18:56:34,           8,           1,        1023,           1,        -272,       22.50,           0,           0,        3.80,           0,   uW/m^2*Sr,
2010-03-10 18:56:53,           8,           1,        1023,           1,        -272,       22.50,           0,           0,        3.80,           0,   uW/m^2*Sr,
2010-03-10 18:57:05,           8,           1,        1023,           1,        -272,       22.50,           0,           0,        3.80,           0,   uW/m^2*Sr,
2010-03-10 18:57:13,           8,           1,        1023,           1,        -272,       22.50,           0,           0,        3.80,           0,   uW/m^2*Sr,
2010-03-10 18:57:23,           8,           1,        1023,           1,        -272,       22.50,           0,           0,        3.80,           0,   uW/m^2*Sr,
2010-03-10 18:57:39,           8,           1,        1023,           1,        -272,       22.50,           0,           0,        3.80,           0,   uW/m^2*Sr,
2010-03-10 18:57:48,           8,           1,        1023,           1,        -272,       22.50,           0,           0,        3.80,           0,   uW/m^2*Sr,
2010-03-10 18:58:06,           8,           1,        1023,           1,        -272,       22.50,           0,           0,        3.80,           0,   uW/m^2*Sr,
2010-03-10 18:58:12,           8,           1,        1023,           1,        -272,       22.50,           0,           0,        3.80,           0,   uW/m^2*Sr,
2010-03-10 18:58:21,           8,           1,        1023,           1,        -272,       22.50,           0,           0,        3.80,           0,   uW/m^2*Sr,
2010-03-10 18:58:31,           8,           1,        1023,           1,        -272,       22.50,           0,           0,        3.80,           0,   uW/m^2*Sr,
2010-03-10 18:58:41,           8,           1,        1023,           1,        -272,       22.50,           0,           0,        3.80,           0,   uW/m^2*Sr,
2010-03-10 18:58:55,           8,           1,        1023,           1,        -272,       22.50,           0,           0,        3.80,           0,   uW/m^2*Sr,
2010-03-10 18:59:01,           4,           0,        1023,           1,        -272,       22.50,           0,           0,        1.27,           0,   uW/m^2*Sr,
2010-03-10 18:59:11,           4,           0,        1023,           1,        -272,       22.50,           0,           0,        1.27,           0,   uW/m^2*Sr,
2010-03-10 18:59:26,           4,           0,        1023,           1,        -272,       22.50,           0,           0,        1.27,           0,   uW/m^2*Sr,
2010-03-10 18:59:33,           4,           0,        1023,           1,        -272,       22.50,           0,           0,        1.27,           0,   uW/m^2*Sr,
2010-03-10 18:59:45,           4,           0,        1023,           1,        -272,       22.50,           0,           0,        1.27,           0,   uW/m^2*Sr,
2010-03-10 18:59:47,           4,           0,        1023,           1,        -272,       22.50,           0,           0,        1.27,           0,   uW/m^2*Sr,
2010-03-10 19:00:03,           4,           0,        1023,           1,        -272,       22.50,           0,           0,        1.27,           0,   uW/m^2*Sr,
2010-03-10 19:00:12,           4,           0,        1023,           1,        -272,       22.50,           0,           0,        1.27,           0,   uW/m^2*Sr,
2010-03-10 19:00:23,           4,           0,        1023,           1,        -272,       22.50,           0,           0,        1.27,           0,   uW/m^2*Sr,
2010-03-10 19:00:35,           4,           0,        1023,           1,        -272,       22.50,           0,           0,        1.27,           0,   uW/m^2*Sr,
2010-03-10 19:00:44,           4,           0,        1023,           1,        -272,       22.50,           0,           0,        1.27,           0,   uW/m^2*Sr,
2010-03-10 19:00:53,           4,           0,        1023,           1,        -272,       22.50,           0,           0,        1.27,           0,   uW/m^2*Sr,
2010-03-10 19:01:03,           4,           0,        1023,           1,        -272,       22.50,           0,           0,        1.27,           0,   uW/m^2*Sr,
2010-03-10 19:01:05,           4,           0,        1023,           1,        -272,       22.50,           0,           0,        1.27,           0,   uW/m^2*Sr,
2010-03-10 19:01:13,           4,           0,        1023,           1,        -272,       22.50,           0,           0,        1.27,           0,   uW/m^2*Sr,
2010-03-10 19:01:26,           4,           0,        1023,           1,        -272,       22.50,           0,           0,        1.27,           0,   uW/m^2*Sr,
2010-03-10 19:01:40,           4,           0,        1023,           1,        -272,       22.50,           0,           0,        1.27,           0,   uW/m^2*Sr,
2010-03-10 19:01:42,           4,           0,        1023,           1,        -272,       22.50,           0,           0,        1.27,           0,   uW/m^2*Sr,
2010-03-10 19:01:52,           4,           0,        1023,           1,        -272,       22.50,           0,           0,        1.27,           0,   uW/m^2*Sr,
2010-03-10 19:02:09,           4,           0,        1023,           1,        -272,       22.50,           0,           0,        1.27,           0,   uW/m^2*Sr,
2010-03-10 19:02:15,           4,           0,        1023,           1,        -272,       22.50,           0,           0,        1.27,           0,   uW/m^2*Sr,
2010-03-10 19:02:22,           8,           1,        1023,           1,        -272,       22.50,           0,           0,        3.80,           0,   uW/m^2*Sr,
2010-03-10 19:02:37,           8,           1,        1023,           1,        -272,       22.50,           0,           0,        3.80,           0,   uW/m^2*Sr,
2010-03-10 19:02:38,           8,           1,        1023,           1,        -272,       22.50,           0,           0,        3.80,           0,   uW/m^2*Sr,
2010-03-10 19:02:50,           8,           1,        1023,           1,        -272,       22.50,           0,           0,        3.80,           0,   uW/m^2*Sr,
2010-03-10 19:03:03,           8,           1,        1023,           1,        -272,       22.50,           0,           0,        3.80,           0,   uW/m^2*Sr,
2010-03-10 19:03:11,           8,           1,        1023,           1,        -272,       22.50,           0,           0,        3.80,           0,   uW/m^2*Sr,
2010-03-10 19:03:19,           8,           1,        1023,           1,        -272,       22.50,           0,           0,        3.80,           0,   uW/m^2*Sr,
2010-03-10 19:03:26,           8,           1,        1023,           1,        -272,       22.50,           0,           0,        3.80,           0,   uW/m^2*Sr,
2010-03-10 19:03:36,           8,           1,        1023,           1,        -272,       22.50,           0,           0,        3.80,           0,   uW/m^2*Sr,
2010-03-10 19:03:49,           8,           1,        1023,           1,        -272,       22.50,           0,           0,        3.80,           0,   uW/m^2*Sr,
2010-03-10 19:04:02,           8,           1,        1023,           1,        -272,       22.50,           0,           0,        3.80,           0,   uW/m^2*Sr,
2010-03-10 19:04:10,          12,           1,        1023,           1,        -272,       22.50,           0,           0,        6.33,           0,   uW/m^2*Sr,
2010-03-10 19:04:14,          12,           1,        1023,           1,        -272,       22.50,           0,           0,        6.33,           0,   uW/m^2*Sr,
2010-03-10 19:04:29,          12,           1,        1023,           1,        -272,       22.50,           0,           0,        6.33,           0,   uW/m^2*Sr,
2010-03-10 19:04:41,          12,           1,        1023,           1,        -272,       22.50,           0,           0,        6.33,           0,   uW/m^2*Sr,
2010-03-10 19:04:47,          12,           1,        1023,           1,        -272,       22.50,           0,           0,        6.33,           0,   uW/m^2*Sr,
2010-03-10 19:04:58,          12,           1,        1023,           1,        -272,       22.50,           0,           0,        6.33,           0,   uW/m^2*Sr,
2010-03-10 19:05:05,          12,           1,        1023,           1,        -272,       22.50,           0,           0,        6.33,           0,   uW/m^2*Sr,
2010-03-10 19:05:13,          12,           1,        1023,           1,        -272,       22.50,           0,           0,        6.33,           0,   uW/m^2*Sr,
2010-03-10 19:05:28,          12,           1,        1023,           1,        -272,       22.50,           0,           0,        6.33,           0,   uW/m^2*Sr,
2010-03-10 19:05:34,          12,           1,        1023,           1,        -272,       22.50,           0,           0,        6.33,           0,   uW/m^2*Sr,
2010-03-10 19:05:47,          12,           1,        1023,           1,        -272,       22.50,           0,           0,        6.33,           0,   uW/m^2*Sr,
2010-03-10 19:05:55,          12,           1,        1023,           1,        -272,       22.50,           0,           0,        6.33,           0,   uW/m^2*Sr,
2010-03-10 19:06:05,           8,           1,        1023,           1,        -272,       22.50,           0,           0,        3.80,           0,   uW/m^2*Sr,
2010-03-10 19:06:08,           8,           1,        1023,           1,        -272,       22.50,           0,           0,        3.80,           0,   uW/m^2*Sr,
2010-03-10 19:06:24,           8,           1,        1023,           1,        -272,       22.50,           0,           0,        3.80,           0,   uW/m^2*Sr,
2010-03-10 19:06:30,           8,           1,        1023,           1,        -272,       22.50,           0,           0,        3.80,           0,   uW/m^2*Sr,
2010-03-10 19:06:44,           8,           1,        1023,           1,        -272,       22.50,           0,           0,        3.80,           0,   uW/m^2*Sr,
2010-03-10 19:06:50,           8,           1,        1023,           1,        -272,       22.50,           0,           0,        3.80,           0,   uW/m^2*Sr,
2010-03-10 19:07:03,           8,           1,        1023,           1,        -272,       22.50,           0,           0,        3.80,           0,   uW/m^2*Sr,
2010-03-10 19:07:13,           8,           1,        1023,           1,        -272,       22.50,           0,           0,        3.80,           0,   uW/m^2*Sr,
2010-03-10 19:07:21,           8,           1,        1023,           1,        -272,       22.50,           0,           0,        3.80,           0,   uW/m^2*Sr,
2010-03-10 19:07:31,          12,           1,        1023,           1,        -272,       22.50,           0,           0,        6.33,           0,   uW/m^2*Sr,
2010-03-10 19:07:36,          12,           1,        1023,           1,        -272,       22.50,           0,           0,        6.33,           0,   uW/m^2*Sr,
2010-03-10 19:07:50,          12,           1,        1023,           1,        -272,       22.50,           0,           0,        6.33,           0,   uW/m^2*Sr,
2010-03-10 19:07:59,          12,           1,        1023,           1,        -272,       22.50,           0,           0,        6.33,           0,   uW/m^2*Sr,
2010-03-10 19:08:07,          12,           1,        1023,           1,        -272,       22.50,           0,           0,        6.33,           0,   uW/m^2*Sr,
2010-03-10 19:08:15,          12,           1,        1023,           1,        -272,       22.50,           0,           0,        6.33,           0,   uW/m^2*Sr,
2010-03-10 19:08:25,          12,           1,        1023,           1,        -272,       22.50,           0,           0,        6.33,           0,   uW/m^2*Sr,
2010-03-10 19:08:32,          16,           2,        1023,           1,        -272,       22.50,           0,           0,        8.87,           0,   uW/m^2*Sr,
2010-03-10 19:12:10,           8,           1,        1023,           1,        -272,       22.50,           0,           0,        3.80,           0,   uW/m^2*Sr,
2010-03-10 19:12:21,           8,           1,        1023,           1,        -272,       22.50,           0,           0,        3.80,           0,   uW/m^2*Sr,
2010-03-10 19:12:32,           8,           1,        1023,           1,        -272,       22.50,           0,           0,        3.80,           0,   uW/m^2*Sr,
2010-03-10 19:12:37,           8,           1,        1023,           1,        -272,       22.50,           0,           0,        3.80,           0,   uW/m^2*Sr,
2010-03-10 19:12:53,           8,           1,        1023,           1,        -272,       22.50,           0,           0,        3.80,           0,   uW/m^2*Sr,
2010-03-10 19:15:29,           8,           1,        1023,           1,        -272,       22.50,           0,           0,        3.80,           0,   uW/m^2*Sr,
2010-03-10 19:16:15,           8,           1,        1023,           1,        -272,       22.50,           0,           0,        3.80,           0,   uW/m^2*Sr,
2010-03-10 19:16:23,           8,           1,        1023,           1,        -272,       22.50,           0,           0,        3.80,           0,   uW/m^2*Sr,
2010-03-10 19:16:26,           8,           1,        1023,           1,        -272,       22.50,           0,           0,        3.80,           0,   uW/m^2*Sr,
2010-03-10 19:16:51,           8,           1,        1023,           1,        -272,       22.50,           0,           0,        3.80,           0,   uW/m^2*Sr,
2010-03-10 19:17:11,           8,           1,        1023,           1,        -272,       22.50,           0,           0,        3.80,           0,   uW/m^2*Sr,
2010-03-10 19:17:18,           8,           1,        1023,           1,        -272,       22.50,           0,           0,        3.80,           0,   uW/m^2*Sr,
2010-03-10 19:17:33,           8,           1,        1023,           1,        -272,       22.50,           0,           0,        3.80,           0,   uW/m^2*Sr,
2010-03-10 19:17:49,           8,           1,        1023,           1,        -272,       22.50,           0,           0,        3.80,           0,   uW/m^2*Sr,
2010-03-10 19:17:55,           8,           1,        1023,           1,        -272,       22.50,           0,           0,        3.80,           0,   uW/m^2*Sr,
2010-03-10 19:18:08,           8,           1,        1023,           1,        -272,       22.50,           0,           0,        3.80,           0,   uW/m^2*Sr,
2010-03-10 19:18:17,           8,           1,        1023,           1,        -272,       22.50,           0,           0,        3.80,           0,   uW/m^2*Sr,
2010-03-10 19:18:28,           8,           1,        1023,           1,        -272,       22.50,           0,           0,        3.80,           0,   uW/m^2*Sr,
2010-03-10 19:18:33,           8,           1,        1023,           1,        -272,       22.50,           0,           0,        3.80,           0,   uW/m^2*Sr,
2010-03-10 19:18:47,           8,           1,        1023,           1,        -272,       22.50,           0,           0,        3.80,           0,   uW/m^2*Sr,
2010-03-10 19:18:50,           8,           1,        1023,           1,        -272,       22.50,           0,           0,        3.80,           0,   uW/m^2*Sr,
2010-03-10 19:18:57,           8,           1,        1023,           1,        -272,       22.50,           0,           0,        3.80,           0,   uW/m^2*Sr,
2010-03-10 19:19:08,           8,           1,        1023,           1,        -272,       22.50,           0,           0,        3.80,           0,   uW/m^2*Sr,
2010-03-10 19:19:22,           8,           1,        1023,           1,        -272,       22.50,           0,           0,        3.80,           0,   uW/m^2*Sr,
2010-03-10 19:19:33,           8,           1,        1023,           1,        -272,       22.50,           0,           0,        3.80,           0,   uW/m^2*Sr,
2010-03-10 19:19:37,           8,           1,        1023,           1,        -272,       22.50,           0,           0,        3.80,           0,   uW/m^2*Sr,
2010-03-10 19:19:50,           8,           1,        1023,           1,        -272,       22.50,           0,           0,        3.80,           0,   uW/m^2*Sr,
2010-03-10 19:20:00,           8,           1,        1023,           1,        -272,       22.50,           0,           0,        3.80,           0,   uW/m^2*Sr,
2010-03-10 19:20:13,           8,           1,        1023,           1,        -272,       22.50,           0,           0,        3.80,           0,   uW/m^2*Sr,
2010-03-10 19:20:22,           8,           1,        1023,           1,        -272,       22.50,           0,           0,        3.80,           0,   uW/m^2*Sr,
2010-03-10 19:20:30,           8,           1,        1023,           1,        -272,       22.50,           0,           0,        3.80,           0,   uW/m^2*Sr,
2010-03-10 19:20:37,           8,           1,        1023,           1,        -272,       22.50,           0,           0,        3.80,           0,   uW/m^2*Sr,
