CDK1 
UTC,PMT5577DN,PD1DN,PD2DN,PMTS,TMP,SETTMP,TEPWR,TEDIR,PMT5577rad,PD1rad,rad_units,
2010-03-10 16:35:28,           0,           1,        1023,           1,        -272,       22.50,           0,           0,       -1.27,           0,   uW/m^2*Sr,
2010-03-10 16:43:56,           0,           1,        1023,           1,        -272,       22.50,           0,           0,       -1.27,           0,   uW/m^2*Sr,
2010-03-10 16:44:05,           0,           1,        1023,           1,        -272,       22.50,           0,           0,       -1.27,           0,   uW/m^2*Sr,
2010-03-10 16:44:12,           0,           1,        1023,           1,        -272,       22.50,           0,           0,       -1.27,           0,   uW/m^2*Sr,
2010-03-10 16:44:15,           0,           1,        1023,           1,        -272,       22.50,           0,           0,       -1.27,           0,   uW/m^2*Sr,
2010-03-10 16:49:52,           0,           1,        1023,           1,        -272,       22.50,           0,           0,       -1.27,           0,   uW/m^2*Sr,
2010-03-10 16:50:16,           0,           1,        1023,           1,        -272,       22.50,           0,           0,       -1.27,           0,   uW/m^2*Sr,
2010-03-10 16:57:44,           0,           1,        1023,           1,        -272,       22.50,           0,           0,       -1.27,           0,   uW/m^2*Sr,
2010-03-10 16:59:10,           0,           1,        1023,           1,        -272,       22.50,           0,           0,       -1.27,           0,   uW/m^2*Sr,
2010-03-10 16:59:35,           0,           1,        1023,           1,        -272,       22.50,           0,           0,       -1.27,           0,   uW/m^2*Sr,
2010-03-10 17:01:43,           0,           1,        1023,           1,        -272,       22.50,           0,           0,       -1.27,           0,   uW/m^2*Sr,
2010-03-10 17:02:51,           0,           1,        1023,           1,        -272,       22.50,           0,           0,       -1.27,           0,   uW/m^2*Sr,
2010-03-10 17:02:53,           0,           1,        1023,           1,        -272,       22.50,           0,           0,       -1.27,           0,   uW/m^2*Sr,
2010-03-10 17:03:26,           0,           1,        1023,           1,        -272,       22.50,           0,           0,       -1.27,           0,   uW/m^2*Sr,
2010-03-10 17:10:48,           0,           1,        1023,           1,        -272,       22.50,           0,           0,       -1.27,           0,   uW/m^2*Sr,
2010-03-10 17:10:51,           0,           1,        1023,           1,        -272,       22.50,           0,           0,       -1.27,           0,   uW/m^2*Sr,
2010-03-10 17:11:04,           0,           1,        1023,           1,        -272,       22.50,           0,           0,       -1.27,           0,   uW/m^2*Sr,
2010-03-10 17:11:09,           0,           1,        1023,           1,        -272,       22.50,           0,           0,       -1.27,           0,   uW/m^2*Sr,
2010-03-10 17:11:23,           0,           1,        1023,           1,        -272,       22.50,           0,           0,       -1.27,           0,   uW/m^2*Sr,
2010-03-10 17:11:30,           0,           1,        1023,           1,        -272,       22.50,           0,           0,       -1.27,           0,   uW/m^2*Sr,
2010-03-10 17:11:38,           0,           1,        1023,           1,        -272,       22.50,           0,           0,       -1.27,           0,   uW/m^2*Sr,
2010-03-10 17:12:06,           0,           1,        1023,           1,        -272,       22.50,           0,           0,       -1.27,           0,   uW/m^2*Sr,
2010-03-10 17:12:16,           0,           1,        1023,           1,        -272,       22.50,           0,           0,       -1.27,           0,   uW/m^2*Sr,
2010-03-10 17:12:27,           0,           1,        1023,           1,        -272,       22.50,           0,           0,       -1.27,           0,   uW/m^2*Sr,
2010-03-10 17:12:28,           0,           1,        1023,           1,        -272,       22.50,           0,           0,       -1.27,           0,   uW/m^2*Sr,
2010-03-10 17:12:45,           0,           1,        1023,           1,        -272,       22.50,           0,           0,       -1.27,           0,   uW/m^2*Sr,
2010-03-10 17:12:48,           0,           1,        1023,           1,        -272,       22.50,           0,           0,       -1.27,           0,   uW/m^2*Sr,
2010-03-10 17:13:01,           0,           1,        1023,           1,        -272,       22.50,           0,           0,       -1.27,           0,   uW/m^2*Sr,
2010-03-10 17:13:09,           0,           1,        1023,           1,        -272,       22.50,           0,           0,       -1.27,           0,   uW/m^2*Sr,
2010-03-10 17:13:15,           0,           1,        1023,           1,        -272,       22.50,           0,           0,       -1.27,           0,   uW/m^2*Sr,
2010-03-10 17:13:28,           0,           1,        1023,           1,        -272,       22.50,           0,           0,       -1.27,           0,   uW/m^2*Sr,
2010-03-10 17:15:34,           0,           1,        1023,           1,        -272,       22.50,           0,           0,       -1.27,           0,   uW/m^2*Sr,
2010-03-10 17:15:59,           0,           1,        1023,           1,        -272,       22.50,           0,           0,       -1.27,           0,   uW/m^2*Sr,
2010-03-10 17:16:02,           0,           1,        1023,           1,        -272,       22.50,           0,           0,       -1.27,           0,   uW/m^2*Sr,
2010-03-10 17:16:11,           0,           1,        1023,           1,        -272,       22.50,           0,           0,       -1.27,           0,   uW/m^2*Sr,
2010-03-10 17:16:32,           0,           1,        1023,           1,        -272,       22.50,           0,           0,       -1.27,           0,   uW/m^2*Sr,
2010-03-10 17:16:45,           0,           1,        1023,           1,        -272,       22.50,           0,           0,       -1.27,           0,   uW/m^2*Sr,
2010-03-10 17:17:07,           0,           1,        1023,           1,        -272,       22.50,           0,           0,       -1.27,           0,   uW/m^2*Sr,
2010-03-10 17:17:20,           0,           1,        1023,           1,        -272,       22.50,           0,           0,       -1.27,           0,   uW/m^2*Sr,
2010-03-10 17:17:28,           0,           1,        1023,           1,        -272,       22.50,           0,           0,       -1.27,           0,   uW/m^2*Sr,
2010-03-10 17:17:31,           0,           1,        1023,           1,        -272,       22.50,           0,           0,       -1.27,           0,   uW/m^2*Sr,
2010-03-10 17:17:48,           0,           1,        1023,           1,        -272,       22.50,           0,           0,       -1.27,           0,   uW/m^2*Sr,
2010-03-10 17:17:50,           0,           1,        1023,           1,        -272,       22.50,           0,           0,       -1.27,           0,   uW/m^2*Sr,
2010-03-10 17:21:55,           0,           1,        1023,           1,        -272,       22.50,           0,           0,       -1.27,           0,   uW/m^2*Sr,
2010-03-10 17:22:05,           0,           1,        1023,           1,        -272,       22.50,           0,           0,       -1.27,           0,   uW/m^2*Sr,
2010-03-10 17:22:13,           0,           1,        1023,           1,        -272,       22.50,           0,           0,       -1.27,           0,   uW/m^2*Sr,
2010-03-10 17:22:24,           0,           1,        1023,           1,        -272,       22.50,           0,           0,       -1.27,           0,   uW/m^2*Sr,
2010-03-10 17:22:29,           0,           1,        1023,           1,        -272,       22.50,           0,           0,       -1.27,           0,   uW/m^2*Sr,
2010-03-10 17:22:36,           0,           1,        1023,           1,        -272,       22.50,           0,           0,       -1.27,           0,   uW/m^2*Sr,
2010-03-10 17:22:55,           0,           1,        1023,           1,        -272,       22.50,           0,           0,       -1.27,           0,   uW/m^2*Sr,
2010-03-10 17:23:16,           0,           1,        1023,           1,        -272,       22.50,           0,           0,       -1.27,           0,   uW/m^2*Sr,
2010-03-10 17:23:24,           0,           1,        1023,           1,        -272,       22.50,           0,           0,       -1.27,           0,   uW/m^2*Sr,
2010-03-10 17:23:53,           0,           1,        1023,           1,        -272,       22.50,           0,           0,       -1.27,           0,   uW/m^2*Sr,
2010-03-10 17:24:01,           0,           1,        1023,           1,        -272,       22.50,           0,           0,       -1.27,           0,   uW/m^2*Sr,
2010-03-10 17:24:09,           0,           1,        1023,           1,        -272,       22.50,           0,           0,       -1.27,           0,   uW/m^2*Sr,
2010-03-10 17:24:18,           0,           1,        1023,           1,        -272,       22.50,           0,           0,       -1.27,           0,   uW/m^2*Sr,
2010-03-10 17:24:22,           0,           1,        1023,           1,        -272,       22.50,           0,           0,       -1.27,           0,   uW/m^2*Sr,
2010-03-10 17:24:36,           0,           1,        1023,           1,        -272,       22.50,           0,           0,       -1.27,           0,   uW/m^2*Sr,
2010-03-10 17:24:46,           0,           1,        1023,           1,        -272,       22.50,           0,           0,       -1.27,           0,   uW/m^2*Sr,
2010-03-10 17:24:50,           0,           1,        1023,           1,        -272,       22.50,           0,           0,       -1.27,           0,   uW/m^2*Sr,
2010-03-10 17:25:03,           0,           1,        1023,           1,        -272,       22.50,           0,           0,       -1.27,           0,   uW/m^2*Sr,
2010-03-10 17:25:11,           0,           1,        1023,           1,        -272,       22.50,           0,           0,       -1.27,           0,   uW/m^2*Sr,
2010-03-10 17:25:25,           0,           1,        1023,           1,        -272,       22.50,           0,           0,       -1.27,           0,   uW/m^2*Sr,
2010-03-10 17:25:34,           0,           1,        1023,           1,        -272,       22.50,           0,           0,       -1.27,           0,   uW/m^2*Sr,
2010-03-10 17:25:41,           0,           1,        1023,           1,        -272,       22.50,           0,           0,       -1.27,           0,   uW/m^2*Sr,
2010-03-10 17:25:49,           0,           1,        1023,           1,        -272,       22.50,           0,           0,       -1.27,           0,   uW/m^2*Sr,
2010-03-10 17:25:58,           0,           1,        1023,           1,        -272,       22.50,           0,           0,       -1.27,           0,   uW/m^2*Sr,
2010-03-10 17:26:12,           0,           1,        1023,           1,        -272,       22.50,           0,           0,       -1.27,           0,   uW/m^2*Sr,
2010-03-10 17:26:23,           0,           1,        1023,           1,        -272,       22.50,           0,           0,       -1.27,           0,   uW/m^2*Sr,
2010-03-10 17:26:28,           0,           1,        1023,           1,        -272,       22.50,           0,           0,       -1.27,           0,   uW/m^2*Sr,
2010-03-10 17:26:42,           0,           1,        1023,           1,        -272,       22.50,           0,           0,       -1.27,           0,   uW/m^2*Sr,
2010-03-10 17:26:45,           0,           1,        1023,           1,        -272,       22.50,           0,           0,       -1.27,           0,   uW/m^2*Sr,
2010-03-10 17:27:00,           0,           1,        1023,           1,        -272,       22.50,           0,           0,       -1.27,           0,   uW/m^2*Sr,
2010-03-10 17:27:08,           0,           1,        1023,           1,        -272,       22.50,           0,           0,       -1.27,           0,   uW/m^2*Sr,
2010-03-10 17:27:14,           0,           1,        1023,           1,        -272,       22.50,           0,           0,       -1.27,           0,   uW/m^2*Sr,
2010-03-10 17:27:22,           0,           1,        1023,           1,        -272,       22.50,           0,           0,       -1.27,           0,   uW/m^2*Sr,
2010-03-10 17:27:39,           0,           1,        1023,           1,        -272,       22.50,           0,           0,       -1.27,           0,   uW/m^2*Sr,
2010-03-10 17:27:42,           0,           1,        1023,           1,        -272,       22.50,           0,           0,       -1.27,           0,   uW/m^2*Sr,
2010-03-10 17:27:50,           0,           1,        1023,           1,        -272,       22.50,           0,           0,       -1.27,           0,   uW/m^2*Sr,
2010-03-10 17:28:09,           0,           1,        1023,           1,        -272,       22.50,           0,           0,       -1.27,           0,   uW/m^2*Sr,
2010-03-10 17:28:12,           0,           1,        1023,           1,        -272,       22.50,           0,           0,       -1.27,           0,   uW/m^2*Sr,
2010-03-10 17:28:23,           0,           1,        1023,           1,        -272,       22.50,           0,           0,       -1.27,           0,   uW/m^2*Sr,
2010-03-10 17:28:39,           0,           1,        1023,           1,        -272,       22.50,           0,           0,       -1.27,           0,   uW/m^2*Sr,
2010-03-10 17:28:44,           0,           1,        1023,           1,        -272,       22.50,           0,           0,       -1.27,           0,   uW/m^2*Sr,
2010-03-10 17:28:53,           0,           1,        1023,           1,        -272,       22.50,           0,           0,       -1.27,           0,   uW/m^2*Sr,
2010-03-10 17:28:59,           0,           1,        1023,           1,        -272,       22.50,           0,           0,       -1.27,           0,   uW/m^2*Sr,
2010-03-10 17:29:12,           0,           1,        1023,           1,        -272,       22.50,           0,           0,       -1.27,           0,   uW/m^2*Sr,
2010-03-10 17:29:21,           0,           1,        1023,           1,        -272,       22.50,           0,           0,       -1.27,           0,   uW/m^2*Sr,
2010-03-10 17:29:32,           0,           1,        1023,           1,        -272,       22.50,           0,           0,       -1.27,           0,   uW/m^2*Sr,
2010-03-10 17:29:45,           0,           1,        1023,           1,        -272,       22.50,           0,           0,       -1.27,           0,   uW/m^2*Sr,
2010-03-10 17:29:49,           0,           1,        1023,           1,        -272,       22.50,           0,           0,       -1.27,           0,   uW/m^2*Sr,
2010-03-10 17:30:05,           0,           1,        1023,           1,        -272,       22.50,           0,           0,       -1.27,           0,   uW/m^2*Sr,
2010-03-10 17:30:07,           0,           1,        1023,           1,        -272,       22.50,           0,           0,       -1.27,           0,   uW/m^2*Sr,
2010-03-10 17:30:17,           0,           2,        1023,           1,        -272,       22.50,           0,           0,       -1.27,           0,   uW/m^2*Sr,
2010-03-10 17:30:34,           0,           1,        1023,           1,        -272,       22.50,           0,           0,       -1.27,           0,   uW/m^2*Sr,
2010-03-10 17:30:42,           0,           2,        1023,           1,        -272,       22.50,           0,           0,       -1.27,           0,   uW/m^2*Sr,
2010-03-10 17:30:49,           0,           1,        1023,           1,        -272,       22.50,           0,           0,       -1.27,           0,   uW/m^2*Sr,
2010-03-10 17:31:00,           0,           1,        1023,           1,        -272,       22.50,           0,           0,       -1.27,           0,   uW/m^2*Sr,
2010-03-10 17:31:14,           0,           1,        1023,           1,        -272,       22.50,           0,           0,       -1.27,           0,   uW/m^2*Sr,
2010-03-10 17:31:23,           0,           1,        1023,           1,        -272,       22.50,           0,           0,       -1.27,           0,   uW/m^2*Sr,
2010-03-10 17:31:31,           0,           1,        1023,           1,        -272,       22.50,           0,           0,       -1.27,           0,   uW/m^2*Sr,
2010-03-10 17:31:35,           0,           1,        1023,           1,        -272,       22.50,           0,           0,       -1.27,           0,   uW/m^2*Sr,
2010-03-10 18:06:29,           0,           4,        1023,           1,        -272,       22.50,           0,           0,       -1.27,           0,   uW/m^2*Sr,
2010-03-10 18:08:10,           0,           4,        1023,           1,        -272,       22.50,           0,           0,       -1.27,           0,   uW/m^2*Sr,
2010-03-10 18:09:01,           0,           4,        1023,           1,        -272,       22.50,           0,           0,       -1.27,           0,   uW/m^2*Sr,
2010-03-10 18:09:10,           0,           4,        1023,           1,        -272,       22.50,           0,           0,       -1.27,           0,   uW/m^2*Sr,
2010-03-10 18:09:15,           0,           4,        1023,           1,        -272,       22.50,           0,           0,       -1.27,           0,   uW/m^2*Sr,
2010-03-10 18:09:21,           0,           4,        1023,           1,        -272,       22.50,           0,           0,       -1.27,           0,   uW/m^2*Sr,
2010-03-10 18:11:17,           0,           4,        1023,           1,        -272,       22.50,           0,           0,       -1.27,           0,   uW/m^2*Sr,
2010-03-10 18:11:28,           0,           4,        1023,           1,        -272,       22.50,           0,           0,       -1.27,           0,   uW/m^2*Sr,
2010-03-10 18:11:39,           0,           4,        1023,           1,        -272,       22.50,           0,           0,       -1.27,           0,   uW/m^2*Sr,
2010-03-10 18:11:43,           0,           4,        1023,           1,        -272,       22.50,           0,           0,       -1.27,           0,   uW/m^2*Sr,
2010-03-10 18:11:56,           0,           4,        1023,           1,        -272,       22.50,           0,           0,       -1.27,           0,   uW/m^2*Sr,
2010-03-10 18:12:14,           0,           4,        1023,           1,        -272,       22.50,           0,           0,       -1.27,           0,   uW/m^2*Sr,
2010-03-10 18:12:31,           0,           4,        1023,           1,        -272,       22.50,           0,           0,       -1.27,           0,   uW/m^2*Sr,
2010-03-10 18:12:48,           0,           6,        1023,           1,        -272,       22.50,           0,           0,       -1.27,           0,   uW/m^2*Sr,
2010-03-10 18:12:53,           0,           6,        1023,           1,        -272,       22.50,           0,           0,       -1.27,           0,   uW/m^2*Sr,
2010-03-10 18:13:03,           0,           6,        1023,           1,        -272,       22.50,           0,           0,       -1.27,           0,   uW/m^2*Sr,
2010-03-10 18:13:13,           0,           5,        1023,           1,        -272,       22.50,           0,           0,       -1.27,           0,   uW/m^2*Sr,
2010-03-10 18:13:25,           0,           5,        1023,           1,        -272,       22.50,           0,           0,       -1.27,           0,   uW/m^2*Sr,
2010-03-10 18:13:36,           0,           5,        1023,           1,        -272,       22.50,           0,           0,       -1.27,           0,   uW/m^2*Sr,
2010-03-10 18:13:42,           0,           5,        1023,           1,        -272,       22.50,           0,           0,       -1.27,           0,   uW/m^2*Sr,
2010-03-10 18:13:57,           0,           5,        1023,           1,        -272,       22.50,           0,           0,       -1.27,           0,   uW/m^2*Sr,
2010-03-10 18:14:02,           0,           5,        1023,           1,        -272,       22.50,           0,           0,       -1.27,           0,   uW/m^2*Sr,
2010-03-10 18:14:10,           0,           5,        1023,           1,        -272,       22.50,           0,           0,       -1.27,           0,   uW/m^2*Sr,
2010-03-10 18:14:20,           0,           5,        1023,           1,        -272,       22.50,           0,           0,       -1.27,           0,   uW/m^2*Sr,
2010-03-10 18:14:27,           0,           5,        1023,           1,        -272,       22.50,           0,           0,       -1.27,           0,   uW/m^2*Sr,
2010-03-10 18:14:41,           0,           5,        1023,           1,        -272,       22.50,           0,           0,       -1.27,           0,   uW/m^2*Sr,
2010-03-10 18:14:52,           0,           5,        1023,           1,        -272,       22.50,           0,           0,       -1.27,           0,   uW/m^2*Sr,
2010-03-10 18:15:04,           0,           5,        1023,           1,        -272,       22.50,           0,           0,       -1.27,           0,   uW/m^2*Sr,
2010-03-10 18:15:13,           0,           5,        1023,           1,        -272,       22.50,           0,           0,       -1.27,           0,   uW/m^2*Sr,
2010-03-10 18:15:24,           0,           5,        1023,           1,        -272,       22.50,           0,           0,       -1.27,           0,   uW/m^2*Sr,
2010-03-10 18:15:34,           0,           5,        1023,           1,        -272,       22.50,           0,           0,       -1.27,           0,   uW/m^2*Sr,
2010-03-10 18:15:35,           0,           5,        1023,           1,        -272,       22.50,           0,           0,       -1.27,           0,   uW/m^2*Sr,
2010-03-10 18:15:51,           0,           5,        1023,           1,        -272,       22.50,           0,           0,       -1.27,           0,   uW/m^2*Sr,
2010-03-10 18:15:54,           0,           5,        1023,           1,        -272,       22.50,           0,           0,       -1.27,           0,   uW/m^2*Sr,
2010-03-10 18:16:06,           0,           5,        1023,           1,        -272,       22.50,           0,           0,       -1.27,           0,   uW/m^2*Sr,
2010-03-10 18:16:13,           0,           5,        1023,           1,        -272,       22.50,           0,           0,       -1.27,           0,   uW/m^2*Sr,
2010-03-10 18:16:27,           0,           5,        1023,           1,        -272,       22.50,           0,           0,       -1.27,           0,   uW/m^2*Sr,
2010-03-10 18:16:40,           0,           5,        1023,           1,        -272,       22.50,           0,           0,       -1.27,           0,   uW/m^2*Sr,
2010-03-10 18:16:41,           0,           5,        1023,           1,        -272,       22.50,           0,           0,       -1.27,           0,   uW/m^2*Sr,
2010-03-10 18:16:57,           0,           5,        1023,           1,        -272,       22.50,           0,           0,       -1.27,           0,   uW/m^2*Sr,
2010-03-10 18:17:09,           0,           5,        1023,           1,        -272,       22.50,           0,           0,       -1.27,           0,   uW/m^2*Sr,
2010-03-10 18:17:11,           0,           5,        1023,           1,        -272,       22.50,           0,           0,       -1.27,           0,   uW/m^2*Sr,
2010-03-10 18:17:22,           0,           5,        1023,           1,        -272,       22.50,           0,           0,       -1.27,           0,   uW/m^2*Sr,
2010-03-10 18:17:30,           0,           5,        1023,           1,        -272,       22.50,           0,           0,       -1.27,           0,   uW/m^2*Sr,
2010-03-10 18:17:45,           0,           5,        1023,           1,        -272,       22.50,           0,           0,       -1.27,           0,   uW/m^2*Sr,
2010-03-10 18:17:54,           0,           5,        1023,           1,        -272,       22.50,           0,           0,       -1.27,           0,   uW/m^2*Sr,
2010-03-10 18:18:06,           0,           5,        1023,           1,        -272,       22.50,           0,           0,       -1.27,           0,   uW/m^2*Sr,
2010-03-10 18:18:09,           0,           5,        1023,           1,        -272,       22.50,           0,           0,       -1.27,           0,   uW/m^2*Sr,
2010-03-10 18:18:22,           0,           5,        1023,           1,        -272,       22.50,           0,           0,       -1.27,           0,   uW/m^2*Sr,
2010-03-10 18:18:30,           0,           5,        1023,           1,        -272,       22.50,           0,           0,       -1.27,           0,   uW/m^2*Sr,
2010-03-10 18:18:44,           0,           6,        1023,           1,        -272,       22.50,           0,           0,       -1.27,           0,   uW/m^2*Sr,
2010-03-10 18:18:47,           0,           6,        1023,           1,        -272,       22.50,           0,           0,       -1.27,           0,   uW/m^2*Sr,
2010-03-10 18:19:01,           0,           6,        1023,           1,        -272,       22.50,           0,           0,       -1.27,           0,   uW/m^2*Sr,
2010-03-10 18:19:07,           0,           6,        1023,           1,        -272,       22.50,           0,           0,       -1.27,           0,   uW/m^2*Sr,
2010-03-10 18:19:18,           0,           5,        1023,           1,        -272,       22.50,           0,           0,       -1.27,           0,   uW/m^2*Sr,
2010-03-10 18:19:33,           0,           4,        1023,           1,        -272,       22.50,           0,           0,       -1.27,           0,   uW/m^2*Sr,
2010-03-10 18:19:40,           0,           4,        1023,           1,        -272,       22.50,           0,           0,       -1.27,           0,   uW/m^2*Sr,
2010-03-10 18:19:52,           0,           4,        1023,           1,        -272,       22.50,           0,           0,       -1.27,           0,   uW/m^2*Sr,
2010-03-10 18:19:54,           0,           4,        1023,           1,        -272,       22.50,           0,           0,       -1.27,           0,   uW/m^2*Sr,
2010-03-10 18:20:07,           0,           4,        1023,           1,        -272,       22.50,           0,           0,       -1.27,           0,   uW/m^2*Sr,
2010-03-10 18:20:13,           0,           4,        1023,           1,        -272,       22.50,           0,           0,       -1.27,           0,   uW/m^2*Sr,
2010-03-10 18:20:29,           0,           4,        1023,           1,        -272,       22.50,           0,           0,       -1.27,           0,   uW/m^2*Sr,
2010-03-10 18:20:31,           0,           4,        1023,           1,        -272,       22.50,           0,           0,       -1.27,           0,   uW/m^2*Sr,
2010-03-10 18:20:49,           0,           4,        1023,           1,        -272,       22.50,           0,           0,       -1.27,           0,   uW/m^2*Sr,
2010-03-10 18:21:06,           0,           4,        1023,           1,        -272,       22.50,           0,           0,       -1.27,           0,   uW/m^2*Sr,
2010-03-10 18:21:22,           0,           3,        1023,           1,        -272,       22.50,           0,           0,       -1.27,           0,   uW/m^2*Sr,
2010-03-10 18:21:26,           0,           3,        1023,           1,        -272,       22.50,           0,           0,       -1.27,           0,   uW/m^2*Sr,
2010-03-10 18:21:49,           0,           3,        1023,           1,        -272,       22.50,           0,           0,       -1.27,           0,   uW/m^2*Sr,
2010-03-10 18:22:02,           0,           2,        1023,           1,        -272,       22.50,           0,           0,       -1.27,           0,   uW/m^2*Sr,
2010-03-10 18:22:08,           0,           2,        1023,           1,        -272,       22.50,           0,           0,       -1.27,           0,   uW/m^2*Sr,
2010-03-10 18:22:15,           0,           2,        1023,           1,        -272,       22.50,           0,           0,       -1.27,           0,   uW/m^2*Sr,
2010-03-10 18:22:22,           0,           2,        1023,           1,        -272,       22.50,           0,           0,       -1.27,           0,   uW/m^2*Sr,
2010-03-10 18:22:41,           0,           2,        1023,           1,        -272,       22.50,           0,           0,       -1.27,           0,   uW/m^2*Sr,
2010-03-10 18:22:46,           0,           3,        1023,           1,        -272,       22.50,           0,           0,       -1.27,           0,   uW/m^2*Sr,
2010-03-10 18:22:51,           0,           3,        1023,           1,        -272,       22.50,           0,           0,       -1.27,           0,   uW/m^2*Sr,
2010-03-10 18:23:00,           0,           3,        1023,           1,        -272,       22.50,           0,           0,       -1.27,           0,   uW/m^2*Sr,
2010-03-10 18:23:18,           0,           3,        1023,           1,        -272,       22.50,           0,           0,       -1.27,           0,   uW/m^2*Sr,
2010-03-10 18:23:27,           0,           3,        1023,           1,        -272,       22.50,           0,           0,       -1.27,           0,   uW/m^2*Sr,
2010-03-10 18:23:31,           0,           3,        1023,           1,        -272,       22.50,           0,           0,       -1.27,           0,   uW/m^2*Sr,
2010-03-10 18:23:40,           0,           2,        1023,           1,        -272,       22.50,           0,           0,       -1.27,           0,   uW/m^2*Sr,
2010-03-10 18:23:48,           0,           2,        1023,           1,        -272,       22.50,           0,           0,       -1.27,           0,   uW/m^2*Sr,
2010-03-10 18:24:00,           0,           2,        1023,           1,        -272,       22.50,           0,           0,       -1.27,           0,   uW/m^2*Sr,
2010-03-10 18:24:09,           0,           2,        1023,           1,        -272,       22.50,           0,           0,       -1.27,           0,   uW/m^2*Sr,
2010-03-10 18:24:23,           0,           2,        1023,           1,        -272,       22.50,           0,           0,       -1.27,           0,   uW/m^2*Sr,
2010-03-10 18:24:27,           0,           2,        1023,           1,        -272,       22.50,           0,           0,       -1.27,           0,   uW/m^2*Sr,
2010-03-10 18:24:38,           0,           2,        1023,           1,        -272,       22.50,           0,           0,       -1.27,           0,   uW/m^2*Sr,
2010-03-10 18:24:51,           0,           2,        1023,           1,        -272,       22.50,           0,           0,       -1.27,           0,   uW/m^2*Sr,
2010-03-10 18:24:59,           0,           2,        1023,           1,        -272,       22.50,           0,           0,       -1.27,           0,   uW/m^2*Sr,
2010-03-10 18:25:12,           0,           2,        1023,           1,        -272,       22.50,           0,           0,       -1.27,           0,   uW/m^2*Sr,
2010-03-10 18:25:18,           0,           2,        1023,           1,        -272,       22.50,           0,           0,       -1.27,           0,   uW/m^2*Sr,
2010-03-10 18:25:32,           0,           2,        1023,           1,        -272,       22.50,           0,           0,       -1.27,           0,   uW/m^2*Sr,
2010-03-10 18:25:38,           0,           2,        1023,           1,        -272,       22.50,           0,           0,       -1.27,           0,   uW/m^2*Sr,
2010-03-10 18:25:46,           0,           2,        1023,           1,        -272,       22.50,           0,           0,       -1.27,           0,   uW/m^2*Sr,
2010-03-10 18:25:56,           0,           2,        1023,           1,        -272,       22.50,           0,           0,       -1.27,           0,   uW/m^2*Sr,
2010-03-10 18:26:07,           0,           2,        1023,           1,        -272,       22.50,           0,           0,       -1.27,           0,   uW/m^2*Sr,
2010-03-10 18:26:16,           0,           2,        1023,           1,        -272,       22.50,           0,           0,       -1.27,           0,   uW/m^2*Sr,
2010-03-10 18:26:29,           0,           2,        1023,           1,        -272,       22.50,           0,           0,       -1.27,           0,   uW/m^2*Sr,
2010-03-10 18:26:36,           0,           2,        1023,           1,        -272,       22.50,           0,           0,       -1.27,           0,   uW/m^2*Sr,
2010-03-10 18:26:39,           0,           2,        1023,           1,        -272,       22.50,           0,           0,       -1.27,           0,   uW/m^2*Sr,
2010-03-10 18:26:54,           0,           2,        1023,           1,        -272,       22.50,           0,           0,       -1.27,           0,   uW/m^2*Sr,
2010-03-10 18:27:05,           0,           2,        1023,           1,        -272,       22.50,           0,           0,       -1.27,           0,   uW/m^2*Sr,
2010-03-10 18:27:13,           0,           2,        1023,           1,        -272,       22.50,           0,           0,       -1.27,           0,   uW/m^2*Sr,
2010-03-10 18:27:20,           0,           2,        1023,           1,        -272,       22.50,           0,           0,       -1.27,           0,   uW/m^2*Sr,
2010-03-10 18:27:35,           0,           2,        1023,           1,        -272,       22.50,           0,           0,       -1.27,           0,   uW/m^2*Sr,
2010-03-10 18:27:43,           0,           2,        1023,           1,        -272,       22.50,           0,           0,       -1.27,           0,   uW/m^2*Sr,
2010-03-10 18:27:53,           0,           2,        1023,           1,        -272,       22.50,           0,           0,       -1.27,           0,   uW/m^2*Sr,
2010-03-10 18:28:03,           0,           2,        1023,           1,        -272,       22.50,           0,           0,       -1.27,           0,   uW/m^2*Sr,
2010-03-10 18:28:07,           0,           2,        1023,           1,        -272,       22.50,           0,           0,       -1.27,           0,   uW/m^2*Sr,
2010-03-10 18:28:14,           0,           2,        1023,           1,        -272,       22.50,           0,           0,       -1.27,           0,   uW/m^2*Sr,
2010-03-10 18:28:26,           0,           2,        1023,           1,        -272,       22.50,           0,           0,       -1.27,           0,   uW/m^2*Sr,
2010-03-10 18:28:41,           0,           2,        1023,           1,        -272,       22.50,           0,           0,       -1.27,           0,   uW/m^2*Sr,
2010-03-10 18:28:47,           0,           2,        1023,           1,        -272,       22.50,           0,           0,       -1.27,           0,   uW/m^2*Sr,
2010-03-10 18:28:52,           0,           2,        1023,           1,        -272,       22.50,           0,           0,       -1.27,           0,   uW/m^2*Sr,
2010-03-10 18:29:09,           0,           2,        1023,           1,        -272,       22.50,           0,           0,       -1.27,           0,   uW/m^2*Sr,
2010-03-10 18:29:12,           0,           2,        1023,           1,        -272,       22.50,           0,           0,       -1.27,           0,   uW/m^2*Sr,
2010-03-10 18:29:26,           0,           2,        1023,           1,        -272,       22.50,           0,           0,       -1.27,           0,   uW/m^2*Sr,
2010-03-10 18:29:35,           0,           2,        1023,           1,        -272,       22.50,           0,           0,       -1.27,           0,   uW/m^2*Sr,
2010-03-10 18:29:43,           0,           2,        1023,           1,        -272,       22.50,           0,           0,       -1.27,           0,   uW/m^2*Sr,
2010-03-10 18:29:49,           0,           2,        1023,           1,        -272,       22.50,           0,           0,       -1.27,           0,   uW/m^2*Sr,
2010-03-10 18:30:02,           0,           2,        1023,           1,        -272,       22.50,           0,           0,       -1.27,           0,   uW/m^2*Sr,
2010-03-10 18:30:11,           0,           2,        1023,           1,        -272,       22.50,           0,           0,       -1.27,           0,   uW/m^2*Sr,
2010-03-10 18:30:20,           0,           2,        1023,           1,        -272,       22.50,           0,           0,       -1.27,           0,   uW/m^2*Sr,
2010-03-10 18:30:33,           0,           2,        1023,           1,        -272,       22.50,           0,           0,       -1.27,           0,   uW/m^2*Sr,
2010-03-10 18:30:44,           0,           2,        1023,           1,        -272,       22.50,           0,           0,       -1.27,           0,   uW/m^2*Sr,
2010-03-10 18:30:49,           0,           2,        1023,           1,        -272,       22.50,           0,           0,       -1.27,           0,   uW/m^2*Sr,
2010-03-10 18:30:58,           0,           2,        1023,           1,        -272,       22.50,           0,           0,       -1.27,           0,   uW/m^2*Sr,
2010-03-10 18:31:09,           0,           2,        1023,           1,        -272,       22.50,           0,           0,       -1.27,           0,   uW/m^2*Sr,
2010-03-10 18:31:20,           0,           2,        1023,           1,        -272,       22.50,           0,           0,       -1.27,           0,   uW/m^2*Sr,
2010-03-10 18:31:29,           0,           2,        1023,           1,        -272,       22.50,           0,           0,       -1.27,           0,   uW/m^2*Sr,
2010-03-10 18:31:43,           0,           2,        1023,           1,        -272,       22.50,           0,           0,       -1.27,           0,   uW/m^2*Sr,
2010-03-10 18:31:49,           0,           2,        1023,           1,        -272,       22.50,           0,           0,       -1.27,           0,   uW/m^2*Sr,
2010-03-10 18:31:56,           0,           2,        1023,           1,        -272,       22.50,           0,           0,       -1.27,           0,   uW/m^2*Sr,
2010-03-10 18:32:07,           0,           3,        1023,           1,        -272,       22.50,           0,           0,       -1.27,           0,   uW/m^2*Sr,
2010-03-10 18:32:12,           0,           2,        1023,           1,        -272,       22.50,           0,           0,       -1.27,           0,   uW/m^2*Sr,
2010-03-10 18:32:27,           0,           2,        1023,           1,        -272,       22.50,           0,           0,       -1.27,           0,   uW/m^2*Sr,
2010-03-10 18:32:31,           0,           2,        1023,           1,        -272,       22.50,           0,           0,       -1.27,           0,   uW/m^2*Sr,
2010-03-10 18:32:42,           0,           2,        1023,           1,        -272,       22.50,           0,           0,       -1.27,           0,   uW/m^2*Sr,
2010-03-10 18:32:50,           0,           2,        1023,           1,        -272,       22.50,           0,           0,       -1.27,           0,   uW/m^2*Sr,
2010-03-10 18:33:01,           0,           3,        1023,           1,        -272,       22.50,           0,           0,       -1.27,           0,   uW/m^2*Sr,
2010-03-10 18:33:11,           0,           3,        1023,           1,        -272,       22.50,           0,           0,       -1.27,           0,   uW/m^2*Sr,
2010-03-10 18:33:27,           0,           2,        1023,           1,        -272,       22.50,           0,           0,       -1.27,           0,   uW/m^2*Sr,
2010-03-10 18:33:35,           0,           2,        1023,           1,        -272,       22.50,           0,           0,       -1.27,           0,   uW/m^2*Sr,
2010-03-10 18:33:37,           0,           2,        1023,           1,        -272,       22.50,           0,           0,       -1.27,           0,   uW/m^2*Sr,
2010-03-10 18:33:53,           0,           2,        1023,           1,        -272,       22.50,           0,           0,       -1.27,           0,   uW/m^2*Sr,
2010-03-10 18:33:58,           0,           2,        1023,           1,        -272,       22.50,           0,           0,       -1.27,           0,   uW/m^2*Sr,
2010-03-10 18:34:14,           0,           2,        1023,           1,        -272,       22.50,           0,           0,       -1.27,           0,   uW/m^2*Sr,
2010-03-10 18:34:24,           0,           2,        1023,           1,        -272,       22.50,           0,           0,       -1.27,           0,   uW/m^2*Sr,
2010-03-10 18:34:25,           0,           2,        1023,           1,        -272,       22.50,           0,           0,       -1.27,           0,   uW/m^2*Sr,
2010-03-10 18:34:42,           0,           2,        1023,           1,        -272,       22.50,           0,           0,       -1.27,           0,   uW/m^2*Sr,
2010-03-10 18:34:50,           0,           2,        1023,           1,        -272,       22.50,           0,           0,       -1.27,           0,   uW/m^2*Sr,
2010-03-10 18:34:56,           0,           2,        1023,           1,        -272,       22.50,           0,           0,       -1.27,           0,   uW/m^2*Sr,
2010-03-10 18:35:08,           0,           2,        1023,           1,        -272,       22.50,           0,           0,       -1.27,           0,   uW/m^2*Sr,
2010-03-10 18:35:19,           0,           2,        1023,           1,        -272,       22.50,           0,           0,       -1.27,           0,   uW/m^2*Sr,
2010-03-10 18:35:25,           0,           2,        1023,           1,        -272,       22.50,           0,           0,       -1.27,           0,   uW/m^2*Sr,
2010-03-10 18:35:35,           0,           2,        1023,           1,        -272,       22.50,           0,           0,       -1.27,           0,   uW/m^2*Sr,
2010-03-10 18:35:43,           0,           3,        1023,           1,        -272,       22.50,           0,           0,       -1.27,           0,   uW/m^2*Sr,
2010-03-10 18:35:57,           0,           6,        1023,           1,        -272,       22.50,           0,           0,       -1.27,           0,   uW/m^2*Sr,
2010-03-10 18:36:06,           0,          15,        1023,           1,        -272,       22.50,           0,           0,       -1.27,           0,   uW/m^2*Sr,
2010-03-10 18:36:12,           0,          16,        1023,           1,        -272,       22.50,           0,           0,       -1.27,           0,   uW/m^2*Sr,
2010-03-10 18:36:27,           0,          13,        1023,           1,        -272,       22.50,           0,           0,       -1.27,           0,   uW/m^2*Sr,
2010-03-10 18:36:33,           0,          11,        1023,           1,        -272,       22.50,           0,           0,       -1.27,           0,   uW/m^2*Sr,
2010-03-10 18:36:44,           0,          10,        1023,           1,        -272,       22.50,           0,           0,       -1.27,           0,   uW/m^2*Sr,
2010-03-10 18:36:55,           0,           9,        1023,           1,        -272,       22.50,           0,           0,       -1.27,           0,   uW/m^2*Sr,
2010-03-10 18:36:58,           0,          10,        1023,           1,        -272,       22.50,           0,           0,       -1.27,           0,   uW/m^2*Sr,
2010-03-10 18:37:06,           0,          11,        1023,           1,        -272,       22.50,           0,           0,       -1.27,           0,   uW/m^2*Sr,
2010-03-10 18:37:24,           0,          11,        1023,           1,        -272,       22.50,           0,           0,       -1.27,           0,   uW/m^2*Sr,
2010-03-10 18:37:31,           0,          16,        1023,           1,        -272,       22.50,           0,           0,       -1.27,           0,   uW/m^2*Sr,
2010-03-10 18:37:36,           0,          22,        1023,           1,        -272,       22.50,           0,           0,       -1.27,           0,   uW/m^2*Sr,
2010-03-10 18:37:51,           0,          20,        1023,           1,        -272,       22.50,           0,           0,       -1.27,           0,   uW/m^2*Sr,
2010-03-10 18:38:01,           0,          18,        1023,           1,        -272,       22.50,           0,           0,       -1.27,           0,   uW/m^2*Sr,
2010-03-10 18:38:12,           0,          18,        1023,           1,        -272,       22.50,           0,           0,       -1.27,           0,   uW/m^2*Sr,
2010-03-10 18:38:21,           0,          19,        1023,           1,        -272,       22.50,           0,           0,       -1.27,           0,   uW/m^2*Sr,
2010-03-10 18:38:28,           0,          20,        1023,           1,        -272,       22.50,           0,           0,       -1.27,           0,   uW/m^2*Sr,
2010-03-10 18:38:31,           0,          20,        1023,           1,        -272,       22.50,           0,           0,       -1.27,           0,   uW/m^2*Sr,
2010-03-10 18:38:42,           0,          22,        1023,           1,        -272,       22.50,           0,           0,       -1.27,           0,   uW/m^2*Sr,
2010-03-10 18:38:58,           0,          24,        1023,           1,        -272,       22.50,           0,           0,       -1.27,           0,   uW/m^2*Sr,
2010-03-10 18:39:07,           0,          25,        1023,           1,        -272,       22.50,           0,           0,       -1.27,           0,   uW/m^2*Sr,
2010-03-10 18:39:12,           0,          25,        1023,           1,        -272,       22.50,           0,           0,       -1.27,           0,   uW/m^2*Sr,
2010-03-10 18:39:23,           0,          21,        1023,           1,        -272,       22.50,           0,           0,       -1.27,           0,   uW/m^2*Sr,
2010-03-10 18:39:32,           0,          20,        1023,           1,        -272,       22.50,           0,           0,       -1.27,           0,   uW/m^2*Sr,
2010-03-10 18:39:45,           0,          20,        1023,           1,        -272,       22.50,           0,           0,       -1.27,           0,   uW/m^2*Sr,
2010-03-10 18:39:52,           0,          21,        1023,           1,        -272,       22.50,           0,           0,       -1.27,           0,   uW/m^2*Sr,
2010-03-10 18:40:04,           0,          18,        1023,           1,        -272,       22.50,           0,           0,       -1.27,           0,   uW/m^2*Sr,
2010-03-10 18:40:14,           0,          12,        1023,           1,        -272,       22.50,           0,           0,       -1.27,           0,   uW/m^2*Sr,
2010-03-10 18:40:20,           0,          11,        1023,           1,        -272,       22.50,           0,           0,       -1.27,           0,   uW/m^2*Sr,
2010-03-10 18:40:30,           0,          11,        1023,           1,        -272,       22.50,           0,           0,       -1.27,           0,   uW/m^2*Sr,
2010-03-10 18:40:42,           0,          12,        1023,           1,        -272,       22.50,           0,           0,       -1.27,           0,   uW/m^2*Sr,
2010-03-10 18:40:50,           0,          14,        1023,           1,        -272,       22.50,           0,           0,       -1.27,           0,   uW/m^2*Sr,
2010-03-10 18:40:54,           0,          14,        1023,           1,        -272,       22.50,           0,           0,       -1.27,           0,   uW/m^2*Sr,
2010-03-10 18:41:24,           0,          16,        1023,           1,        -272,       22.50,           0,           0,       -1.27,           0,   uW/m^2*Sr,
2010-03-10 18:41:50,           0,          18,        1023,           1,        -272,       22.50,           0,           0,       -1.27,           0,   uW/m^2*Sr,
2010-03-10 18:42:33,           0,          22,        1023,           1,        -272,       22.50,           0,           0,       -1.27,           0,   uW/m^2*Sr,
2010-03-10 18:42:57,           0,          22,        1023,           1,        -272,       22.50,           0,           0,       -1.27,           0,   uW/m^2*Sr,
2010-03-10 18:43:00,           0,          20,        1023,           1,        -272,       22.50,           0,           0,       -1.27,           0,   uW/m^2*Sr,
2010-03-10 18:43:32,           0,          18,        1023,           1,        -272,       22.50,           0,           0,       -1.27,           0,   uW/m^2*Sr,
2010-03-10 18:43:49,           0,          18,        1023,           1,        -272,       22.50,           0,           0,       -1.27,           0,   uW/m^2*Sr,
2010-03-10 18:44:21,           0,          17,        1023,           1,        -272,       22.50,           0,           0,       -1.27,           0,   uW/m^2*Sr,
2010-03-10 18:44:45,           0,          15,        1023,           1,        -272,       22.50,           0,           0,       -1.27,           0,   uW/m^2*Sr,
2010-03-10 18:44:47,           0,          13,        1023,           1,        -272,       22.50,           0,           0,       -1.27,           0,   uW/m^2*Sr,
2010-03-10 18:45:08,           0,          13,        1023,           1,        -272,       22.50,           0,           0,       -1.27,           0,   uW/m^2*Sr,
2010-03-10 18:45:47,           0,          13,        1023,           1,        -272,       22.50,           0,           0,       -1.27,           0,   uW/m^2*Sr,
2010-03-10 18:45:59,           0,          12,        1023,           1,        -272,       22.50,           0,           0,       -1.27,           0,   uW/m^2*Sr,
2010-03-10 18:46:11,           0,          11,        1023,           1,        -272,       22.50,           0,           0,       -1.27,           0,   uW/m^2*Sr,
2010-03-10 18:46:45,           0,          10,        1023,           1,        -272,       22.50,           0,           0,       -1.27,           0,   uW/m^2*Sr,
2010-03-10 18:47:13,           0,          10,        1023,           1,        -272,       22.50,           0,           0,       -1.27,           0,   uW/m^2*Sr,
2010-03-10 18:47:17,           0,           9,        1023,           1,        -272,       22.50,           0,           0,       -1.27,           0,   uW/m^2*Sr,
2010-03-10 18:47:38,           0,           8,        1023,           1,        -272,       22.50,           0,           0,       -1.27,           0,   uW/m^2*Sr,
2010-03-10 18:48:19,           0,           8,        1023,           1,        -272,       22.50,           0,           0,       -1.27,           0,   uW/m^2*Sr,
2010-03-10 18:48:23,           0,           8,        1023,           1,        -272,       22.50,           0,           0,       -1.27,           0,   uW/m^2*Sr,
2010-03-10 18:49:04,           0,           8,        1023,           1,        -272,       22.50,           0,           0,       -1.27,           0,   uW/m^2*Sr,
2010-03-10 18:49:16,           0,           8,        1023,           1,        -272,       22.50,           0,           0,       -1.27,           0,   uW/m^2*Sr,
2010-03-10 18:49:46,           0,           8,        1023,           1,        -272,       22.50,           0,           0,       -1.27,           0,   uW/m^2*Sr,
2010-03-10 18:50:04,           0,           8,        1023,           1,        -272,       22.50,           0,           0,       -1.27,           0,   uW/m^2*Sr,
2010-03-10 18:50:24,           0,           8,        1023,           1,        -272,       22.50,           0,           0,       -1.27,           0,   uW/m^2*Sr,
2010-03-10 18:50:43,           0,           8,        1023,           1,        -272,       22.50,           0,           0,       -1.27,           0,   uW/m^2*Sr,
2010-03-10 18:51:08,           0,           8,        1023,           1,        -272,       22.50,           0,           0,       -1.27,           0,   uW/m^2*Sr,
2010-03-10 18:51:13,           0,           8,        1023,           1,        -272,       22.50,           0,           0,       -1.27,           0,   uW/m^2*Sr,
2010-03-10 18:51:52,           0,           8,        1023,           1,        -272,       22.50,           0,           0,       -1.27,           0,   uW/m^2*Sr,
2010-03-10 18:52:03,           0,           8,        1023,           1,        -272,       22.50,           0,           0,       -1.27,           0,   uW/m^2*Sr,
2010-03-10 18:52:17,           0,           8,        1023,           1,        -272,       22.50,           0,           0,       -1.27,           0,   uW/m^2*Sr,
2010-03-10 18:52:40,           0,           8,        1023,           1,        -272,       22.50,           0,           0,       -1.27,           0,   uW/m^2*Sr,
2010-03-10 18:53:00,           0,           8,        1023,           1,        -272,       22.50,           0,           0,       -1.27,           0,   uW/m^2*Sr,
2010-03-10 18:53:20,           0,           7,        1023,           1,        -272,       22.50,           0,           0,       -1.27,           0,   uW/m^2*Sr,
2010-03-10 18:53:50,           0,           7,        1023,           1,        -272,       22.50,           0,           0,       -1.27,           0,   uW/m^2*Sr,
2010-03-10 18:53:59,           0,           7,        1023,           1,        -272,       22.50,           0,           0,       -1.27,           0,   uW/m^2*Sr,
2010-03-10 18:54:30,           0,           7,        1023,           1,        -272,       22.50,           0,           0,       -1.27,           0,   uW/m^2*Sr,
2010-03-10 18:54:47,           0,           7,        1023,           1,        -272,       22.50,           0,           0,       -1.27,           0,   uW/m^2*Sr,
2010-03-10 18:55:18,           0,           7,        1023,           1,        -272,       22.50,           0,           0,       -1.27,           0,   uW/m^2*Sr,
2010-03-10 18:55:22,           0,           7,        1023,           1,        -272,       22.50,           0,           0,       -1.27,           0,   uW/m^2*Sr,
2010-03-10 18:55:51,           0,           7,        1023,           1,        -272,       22.50,           0,           0,       -1.27,           0,   uW/m^2*Sr,
2010-03-10 18:56:19,           0,           6,        1023,           1,        -272,       22.50,           0,           0,       -1.27,           0,   uW/m^2*Sr,
2010-03-10 18:56:42,           0,           6,        1023,           1,        -272,       22.50,           0,           0,       -1.27,           0,   uW/m^2*Sr,
2010-03-10 18:57:02,           0,           6,        1023,           1,        -272,       22.50,           0,           0,       -1.27,           0,   uW/m^2*Sr,
2010-03-10 18:57:06,           0,           6,        1023,           1,        -272,       22.50,           0,           0,       -1.27,           0,   uW/m^2*Sr,
2010-03-10 18:57:17,           0,           6,        1023,           1,        -272,       22.50,           0,           0,       -1.27,           0,   uW/m^2*Sr,
2010-03-10 18:57:30,           0,           6,        1023,           1,        -272,       22.50,           0,           0,       -1.27,           0,   uW/m^2*Sr,
2010-03-10 18:57:38,           0,           6,        1023,           1,        -272,       22.50,           0,           0,       -1.27,           0,   uW/m^2*Sr,
2010-03-10 18:57:50,           0,           6,        1023,           1,        -272,       22.50,           0,           0,       -1.27,           0,   uW/m^2*Sr,
2010-03-10 18:58:08,           0,           6,        1023,           1,        -272,       22.50,           0,           0,       -1.27,           0,   uW/m^2*Sr,
2010-03-10 18:58:13,           0,           6,        1023,           1,        -272,       22.50,           0,           0,       -1.27,           0,   uW/m^2*Sr,
2010-03-10 18:58:20,           0,           7,        1023,           1,        -272,       22.50,           0,           0,       -1.27,           0,   uW/m^2*Sr,
2010-03-10 18:58:35,           0,           7,        1023,           1,        -272,       22.50,           0,           0,       -1.27,           0,   uW/m^2*Sr,
2010-03-10 18:58:47,           0,           7,        1023,           1,        -272,       22.50,           0,           0,       -1.27,           0,   uW/m^2*Sr,
2010-03-10 18:58:54,           0,           7,        1023,           1,        -272,       22.50,           0,           0,       -1.27,           0,   uW/m^2*Sr,
2010-03-10 18:59:04,           0,           7,        1023,           1,        -272,       22.50,           0,           0,       -1.27,           0,   uW/m^2*Sr,
2010-03-10 18:59:09,           0,           7,        1023,           1,        -272,       22.50,           0,           0,       -1.27,           0,   uW/m^2*Sr,
2010-03-10 18:59:18,           0,           7,        1023,           1,        -272,       22.50,           0,           0,       -1.27,           0,   uW/m^2*Sr,
2010-03-10 18:59:32,           0,           7,        1023,           1,        -272,       22.50,           0,           0,       -1.27,           0,   uW/m^2*Sr,
2010-03-10 18:59:39,           0,           7,        1023,           1,        -272,       22.50,           0,           0,       -1.27,           0,   uW/m^2*Sr,
2010-03-10 18:59:53,           0,           7,        1023,           1,        -272,       22.50,           0,           0,       -1.27,           0,   uW/m^2*Sr,
2010-03-10 19:00:02,           0,           7,        1023,           1,        -272,       22.50,           0,           0,       -1.27,           0,   uW/m^2*Sr,
2010-03-10 19:00:10,           0,           7,        1023,           1,        -272,       22.50,           0,           0,       -1.27,           0,   uW/m^2*Sr,
2010-03-10 19:00:22,           0,           7,        1023,           1,        -272,       22.50,           0,           0,       -1.27,           0,   uW/m^2*Sr,
2010-03-10 19:00:29,           0,           7,        1023,           1,        -272,       22.50,           0,           0,       -1.27,           0,   uW/m^2*Sr,
2010-03-10 19:00:41,           0,           7,        1023,           1,        -272,       22.50,           0,           0,       -1.27,           0,   uW/m^2*Sr,
2010-03-10 19:00:48,           0,           7,        1023,           1,        -272,       22.50,           0,           0,       -1.27,           0,   uW/m^2*Sr,
2010-03-10 19:01:02,           0,           7,        1023,           1,        -272,       22.50,           0,           0,       -1.27,           0,   uW/m^2*Sr,
2010-03-10 19:01:06,           0,           7,        1023,           1,        -272,       22.50,           0,           0,       -1.27,           0,   uW/m^2*Sr,
2010-03-10 19:01:20,           0,           7,        1023,           1,        -272,       22.50,           0,           0,       -1.27,           0,   uW/m^2*Sr,
2010-03-10 19:01:24,           0,           7,        1023,           1,        -272,       22.50,           0,           0,       -1.27,           0,   uW/m^2*Sr,
2010-03-10 19:01:35,           0,           6,        1023,           1,        -272,       22.50,           0,           0,       -1.27,           0,   uW/m^2*Sr,
2010-03-10 19:01:46,           0,           6,        1023,           1,        -272,       22.50,           0,           0,       -1.27,           0,   uW/m^2*Sr,
2010-03-10 19:01:54,           0,           6,        1023,           1,        -272,       22.50,           0,           0,       -1.27,           0,   uW/m^2*Sr,
2010-03-10 19:02:03,           0,           6,        1023,           1,        -272,       22.50,           0,           0,       -1.27,           0,   uW/m^2*Sr,
2010-03-10 19:02:11,           0,           6,        1023,           1,        -272,       22.50,           0,           0,       -1.27,           0,   uW/m^2*Sr,
2010-03-10 19:02:20,           0,           6,        1023,           1,        -272,       22.50,           0,           0,       -1.27,           0,   uW/m^2*Sr,
2010-03-10 19:02:35,           0,           5,        1023,           1,        -272,       22.50,           0,           0,       -1.27,           0,   uW/m^2*Sr,
2010-03-10 19:02:43,           0,           5,        1023,           1,        -272,       22.50,           0,           0,       -1.27,           0,   uW/m^2*Sr,
2010-03-10 19:02:51,           0,           5,        1023,           1,        -272,       22.50,           0,           0,       -1.27,           0,   uW/m^2*Sr,
2010-03-10 19:02:58,           0,           5,        1023,           1,        -272,       22.50,           0,           0,       -1.27,           0,   uW/m^2*Sr,
2010-03-10 19:03:09,           0,           5,        1023,           1,        -272,       22.50,           0,           0,       -1.27,           0,   uW/m^2*Sr,
2010-03-10 19:03:22,           0,           5,        1023,           1,        -272,       22.50,           0,           0,       -1.27,           0,   uW/m^2*Sr,
2010-03-10 19:03:29,           0,           4,        1023,           1,        -272,       22.50,           0,           0,       -1.27,           0,   uW/m^2*Sr,
2010-03-10 19:03:41,           0,           5,        1023,           1,        -272,       22.50,           0,           0,       -1.27,           0,   uW/m^2*Sr,
2010-03-10 19:03:53,           0,           5,        1023,           1,        -272,       22.50,           0,           0,       -1.27,           0,   uW/m^2*Sr,
2010-03-10 19:03:59,           0,           5,        1023,           1,        -272,       22.50,           0,           0,       -1.27,           0,   uW/m^2*Sr,
2010-03-10 19:04:13,           0,           5,        1023,           1,        -272,       22.50,           0,           0,       -1.27,           0,   uW/m^2*Sr,
2010-03-10 19:04:18,           0,           5,        1023,           1,        -272,       22.50,           0,           0,       -1.27,           0,   uW/m^2*Sr,
2010-03-10 19:04:28,           0,           5,        1023,           1,        -272,       22.50,           0,           0,       -1.27,           0,   uW/m^2*Sr,
2010-03-10 19:04:37,           0,           4,        1023,           1,        -272,       22.50,           0,           0,       -1.27,           0,   uW/m^2*Sr,
2010-03-10 19:04:51,           0,           4,        1023,           1,        -272,       22.50,           0,           0,       -1.27,           0,   uW/m^2*Sr,
2010-03-10 19:04:57,           0,           4,        1023,           1,        -272,       22.50,           0,           0,       -1.27,           0,   uW/m^2*Sr,
2010-03-10 19:05:04,           0,           4,        1023,           1,        -272,       22.50,           0,           0,       -1.27,           0,   uW/m^2*Sr,
2010-03-10 19:05:18,           0,           4,        1023,           1,        -272,       22.50,           0,           0,       -1.27,           0,   uW/m^2*Sr,
2010-03-10 19:05:25,           0,           4,        1023,           1,        -272,       22.50,           0,           0,       -1.27,           0,   uW/m^2*Sr,
2010-03-10 19:05:32,           0,           4,        1023,           1,        -272,       22.50,           0,           0,       -1.27,           0,   uW/m^2*Sr,
2010-03-10 19:05:48,           0,           4,        1023,           1,        -272,       22.50,           0,           0,       -1.27,           0,   uW/m^2*Sr,
2010-03-10 19:05:50,           0,           4,        1023,           1,        -272,       22.50,           0,           0,       -1.27,           0,   uW/m^2*Sr,
2010-03-10 19:06:07,           0,           4,        1023,           1,        -272,       22.50,           0,           0,       -1.27,           0,   uW/m^2*Sr,
2010-03-10 19:06:14,           0,           4,        1023,           1,        -272,       22.50,           0,           0,       -1.27,           0,   uW/m^2*Sr,
2010-03-10 19:06:23,           0,           4,        1023,           1,        -272,       22.50,           0,           0,       -1.27,           0,   uW/m^2*Sr,
2010-03-10 19:06:29,           0,           4,        1023,           1,        -272,       22.50,           0,           0,       -1.27,           0,   uW/m^2*Sr,
2010-03-10 19:06:45,           0,           4,        1023,           1,        -272,       22.50,           0,           0,       -1.27,           0,   uW/m^2*Sr,
2010-03-10 19:06:48,           0,           4,        1023,           1,        -272,       22.50,           0,           0,       -1.27,           0,   uW/m^2*Sr,
2010-03-10 19:07:02,           0,           4,        1023,           1,        -272,       22.50,           0,           0,       -1.27,           0,   uW/m^2*Sr,
2010-03-10 19:07:10,           0,           4,        1023,           1,        -272,       22.50,           0,           0,       -1.27,           0,   uW/m^2*Sr,
2010-03-10 19:07:19,           0,           4,        1023,           1,        -272,       22.50,           0,           0,       -1.27,           0,   uW/m^2*Sr,
2010-03-10 19:07:32,           0,           4,        1023,           1,        -272,       22.50,           0,           0,       -1.27,           0,   uW/m^2*Sr,
2010-03-10 19:07:38,           0,           4,        1023,           1,        -272,       22.50,           0,           0,       -1.27,           0,   uW/m^2*Sr,
2010-03-10 19:07:51,           0,           4,        1023,           1,        -272,       22.50,           0,           0,       -1.27,           0,   uW/m^2*Sr,
2010-03-10 19:08:00,           0,           4,        1023,           1,        -272,       22.50,           0,           0,       -1.27,           0,   uW/m^2*Sr,
2010-03-10 19:08:05,           0,           4,        1023,           1,        -272,       22.50,           0,           0,       -1.27,           0,   uW/m^2*Sr,
2010-03-10 19:08:21,           0,           4,        1023,           1,        -272,       22.50,           0,           0,       -1.27,           0,   uW/m^2*Sr,
2010-03-10 19:08:31,           0,           4,        1023,           1,        -272,       22.50,           0,           0,       -1.27,           0,   uW/m^2*Sr,
2010-03-10 19:08:39,           0,           5,        1023,           1,        -272,       22.50,           0,           0,       -1.27,           0,   uW/m^2*Sr,
2010-03-10 19:11:45,           0,           4,        1023,           1,        -272,       22.50,           0,           0,       -1.27,           0,   uW/m^2*Sr,
2010-03-10 19:12:27,           0,           4,        1023,           1,        -272,       22.50,           0,           0,       -1.27,           0,   uW/m^2*Sr,
2010-03-10 19:12:30,           0,           4,        1023,           1,        -272,       22.50,           0,           0,       -1.27,           0,   uW/m^2*Sr,
2010-03-10 19:12:41,           0,           4,        1023,           1,        -272,       22.50,           0,           0,       -1.27,           0,   uW/m^2*Sr,
2010-03-10 19:12:51,           0,           4,        1023,           1,        -272,       22.50,           0,           0,       -1.27,           0,   uW/m^2*Sr,
2010-03-10 19:13:06,           0,           4,        1023,           1,        -272,       22.50,           0,           0,       -1.27,           0,   uW/m^2*Sr,
2010-03-10 19:15:40,           0,           4,        1023,           1,        -272,       22.50,           0,           0,       -1.27,           0,   uW/m^2*Sr,
2010-03-10 19:16:09,           0,           4,        1023,           1,        -272,       22.50,           0,           0,       -1.27,           0,   uW/m^2*Sr,
2010-03-10 19:16:17,           0,           4,        1023,           1,        -272,       22.50,           0,           0,       -1.27,           0,   uW/m^2*Sr,
2010-03-10 19:16:30,           0,           4,        1023,           1,        -272,       22.50,           0,           0,       -1.27,           0,   uW/m^2*Sr,
2010-03-10 19:16:38,           0,           4,        1023,           1,        -272,       22.50,           0,           0,       -1.27,           0,   uW/m^2*Sr,
2010-03-10 19:17:08,           0,           4,        1023,           1,        -272,       22.50,           0,           0,       -1.27,           0,   uW/m^2*Sr,
2010-03-10 19:17:20,           0,           4,        1023,           1,        -272,       22.50,           0,           0,       -1.27,           0,   uW/m^2*Sr,
2010-03-10 19:17:35,           0,           6,        1023,           1,        -272,       22.50,           0,           0,       -1.27,           0,   uW/m^2*Sr,
2010-03-10 19:17:45,           0,           6,        1023,           1,        -272,       22.50,           0,           0,       -1.27,           0,   uW/m^2*Sr,
2010-03-10 19:17:56,           0,           6,        1023,           1,        -272,       22.50,           0,           0,       -1.27,           0,   uW/m^2*Sr,
2010-03-10 19:18:06,           0,           5,        1023,           1,        -272,       22.50,           0,           0,       -1.27,           0,   uW/m^2*Sr,
2010-03-10 19:18:12,           0,           5,        1023,           1,        -272,       22.50,           0,           0,       -1.27,           0,   uW/m^2*Sr,
2010-03-10 19:18:20,           0,           5,        1023,           1,        -272,       22.50,           0,           0,       -1.27,           0,   uW/m^2*Sr,
2010-03-10 19:18:29,           0,           5,        1023,           1,        -272,       22.50,           0,           0,       -1.27,           0,   uW/m^2*Sr,
2010-03-10 19:18:40,           0,           5,        1023,           1,        -272,       22.50,           0,           0,       -1.27,           0,   uW/m^2*Sr,
2010-03-10 19:18:56,           0,           5,        1023,           1,        -272,       22.50,           0,           0,       -1.27,           0,   uW/m^2*Sr,
2010-03-10 19:19:00,           0,           5,        1023,           1,        -272,       22.50,           0,           0,       -1.27,           0,   uW/m^2*Sr,
2010-03-10 19:19:11,           0,           5,        1023,           1,        -272,       22.50,           0,           0,       -1.27,           0,   uW/m^2*Sr,
2010-03-10 19:19:17,           0,           5,        1023,           1,        -272,       22.50,           0,           0,       -1.27,           0,   uW/m^2*Sr,
2010-03-10 19:19:32,           0,           5,        1023,           1,        -272,       22.50,           0,           0,       -1.27,           0,   uW/m^2*Sr,
2010-03-10 19:19:39,           0,           5,        1023,           1,        -272,       22.50,           0,           0,       -1.27,           0,   uW/m^2*Sr,
2010-03-10 19:19:51,           0,           5,        1023,           1,        -272,       22.50,           0,           0,       -1.27,           0,   uW/m^2*Sr,
2010-03-10 19:19:58,           0,           5,        1023,           1,        -272,       22.50,           0,           0,       -1.27,           0,   uW/m^2*Sr,
2010-03-10 19:20:05,           0,           5,        1023,           1,        -272,       22.50,           0,           0,       -1.27,           0,   uW/m^2*Sr,
2010-03-10 19:20:20,           0,           5,        1023,           1,        -272,       22.50,           0,           0,       -1.27,           0,   uW/m^2*Sr,
2010-03-10 19:20:25,           0,           5,        1023,           1,        -272,       22.50,           0,           0,       -1.27,           0,   uW/m^2*Sr,
2010-03-10 19:20:40,           0,           5,        1023,           1,        -272,       22.50,           0,           0,       -1.27,           0,   uW/m^2*Sr,
2010-03-10 19:20:43,           0,           5,        1023,           1,        -272,       22.50,           0,           0,       -1.27,           0,   uW/m^2*Sr,
