LBH1 
UTC,PMT5577DN,PD1DN,PD2DN,PMTS,TMP,SETTMP,TEPWR,TEDIR,PMT5577rad,PD1rad,rad_units,
2010-03-10 16:35:29,          12,           0,        1023,           1,        -272,       22.50,           0,           0,        6.33,           0,   uW/m^2*Sr,
2010-03-10 16:43:37,          12,           0,        1023,           1,        -272,       22.50,           0,           0,        6.33,           0,   uW/m^2*Sr,
2010-03-10 16:44:00,          12,           0,        1023,           1,        -272,       22.50,           0,           0,        6.33,           0,   uW/m^2*Sr,
2010-03-10 16:44:13,          12,           0,        1023,           1,        -272,       22.50,           0,           0,        6.33,           0,   uW/m^2*Sr,
2010-03-10 16:48:14,          12,           0,        1023,           1,        -272,       22.50,           0,           0,        6.33,           0,   uW/m^2*Sr,
2010-03-10 16:50:02,          12,           0,        1023,           1,        -272,       22.50,           0,           0,        6.33,           0,   uW/m^2*Sr,
2010-03-10 16:59:11,          12,           0,        1023,           1,        -272,       22.50,           0,           0,        6.33,           0,   uW/m^2*Sr,
2010-03-10 16:59:34,          12,           0,        1023,           1,        -272,       22.50,           0,           0,        6.33,           0,   uW/m^2*Sr,
2010-03-10 17:01:54,          12,           0,        1023,           1,        -272,       22.50,           0,           0,        6.33,           0,   uW/m^2*Sr,
2010-03-10 17:02:42,          12,           0,        1023,           1,        -272,       22.50,           0,           0,        6.33,           0,   uW/m^2*Sr,
2010-03-10 17:03:07,          12,           0,        1023,           1,        -272,       22.50,           0,           0,        6.33,           0,   uW/m^2*Sr,
2010-03-10 17:10:23,          12,           0,        1023,           1,        -272,       22.50,           0,           0,        6.33,           0,   uW/m^2*Sr,
2010-03-10 17:10:57,          12,           0,        1023,           1,        -272,       22.50,           0,           0,        6.33,           0,   uW/m^2*Sr,
2010-03-10 17:11:05,          12,           0,        1023,           1,        -272,       22.50,           0,           0,        6.33,           0,   uW/m^2*Sr,
2010-03-10 17:11:10,          12,           0,        1023,           1,        -272,       22.50,           0,           0,        6.33,           0,   uW/m^2*Sr,
2010-03-10 17:11:23,          12,           0,        1023,           1,        -272,       22.50,           0,           0,        6.33,           0,   uW/m^2*Sr,
2010-03-10 17:11:27,          12,           0,        1023,           1,        -272,       22.50,           0,           0,        6.33,           0,   uW/m^2*Sr,
2010-03-10 17:11:43,          12,           0,        1023,           1,        -272,       22.50,           0,           0,        6.33,           0,   uW/m^2*Sr,
2010-03-10 17:12:05,           8,           0,        1023,           1,        -272,       22.50,           0,           0,        3.80,           0,   uW/m^2*Sr,
2010-03-10 17:12:17,           8,           0,        1023,           1,        -272,       22.50,           0,           0,        3.80,           0,   uW/m^2*Sr,
2010-03-10 17:12:25,          12,           0,        1023,           1,        -272,       22.50,           0,           0,        6.33,           0,   uW/m^2*Sr,
2010-03-10 17:12:31,          12,           0,        1023,           1,        -272,       22.50,           0,           0,        6.33,           0,   uW/m^2*Sr,
2010-03-10 17:12:46,          12,           0,        1023,           1,        -272,       22.50,           0,           0,        6.33,           0,   uW/m^2*Sr,
2010-03-10 17:12:53,          12,           0,        1023,           1,        -272,       22.50,           0,           0,        6.33,           0,   uW/m^2*Sr,
2010-03-10 17:13:06,          12,           0,        1023,           1,        -272,       22.50,           0,           0,        6.33,           0,   uW/m^2*Sr,
2010-03-10 17:13:13,          12,           0,        1023,           1,        -272,       22.50,           0,           0,        6.33,           0,   uW/m^2*Sr,
2010-03-10 17:13:21,          12,           0,        1023,           1,        -272,       22.50,           0,           0,        6.33,           0,   uW/m^2*Sr,
2010-03-10 17:13:25,          12,           0,        1023,           1,        -272,       22.50,           0,           0,        6.33,           0,   uW/m^2*Sr,
2010-03-10 17:15:14,          12,           0,        1023,           1,        -272,       22.50,           0,           0,        6.33,           0,   uW/m^2*Sr,
2010-03-10 17:15:54,          12,           0,        1023,           1,        -272,       22.50,           0,           0,        6.33,           0,   uW/m^2*Sr,
2010-03-10 17:16:01,          12,           0,        1023,           1,        -272,       22.50,           0,           0,        6.33,           0,   uW/m^2*Sr,
2010-03-10 17:16:18,          12,           0,        1023,           1,        -272,       22.50,           0,           0,        6.33,           0,   uW/m^2*Sr,
2010-03-10 17:16:30,          12,           0,        1023,           1,        -272,       22.50,           0,           0,        6.33,           0,   uW/m^2*Sr,
2010-03-10 17:16:46,          12,           0,        1023,           1,        -272,       22.50,           0,           0,        6.33,           0,   uW/m^2*Sr,
2010-03-10 17:17:02,          12,           0,        1023,           1,        -272,       22.50,           0,           0,        6.33,           0,   uW/m^2*Sr,
2010-03-10 17:17:19,           8,           0,        1023,           1,        -272,       22.50,           0,           0,        3.80,           0,   uW/m^2*Sr,
2010-03-10 17:17:29,           8,           0,        1023,           1,        -272,       22.50,           0,           0,        3.80,           0,   uW/m^2*Sr,
2010-03-10 17:17:38,          12,           0,        1023,           1,        -272,       22.50,           0,           0,        6.33,           0,   uW/m^2*Sr,
2010-03-10 17:17:42,          12,           0,        1023,           1,        -272,       22.50,           0,           0,        6.33,           0,   uW/m^2*Sr,
2010-03-10 17:21:46,          12,           0,        1023,           1,        -272,       22.50,           0,           0,        6.33,           0,   uW/m^2*Sr,
2010-03-10 17:21:59,          12,           0,        1023,           1,        -272,       22.50,           0,           0,        6.33,           0,   uW/m^2*Sr,
2010-03-10 17:22:14,          12,           0,        1023,           1,        -272,       22.50,           0,           0,        6.33,           0,   uW/m^2*Sr,
2010-03-10 17:22:19,          12,           0,        1023,           1,        -272,       22.50,           0,           0,        6.33,           0,   uW/m^2*Sr,
2010-03-10 17:22:34,          12,           0,        1023,           1,        -272,       22.50,           0,           0,        6.33,           0,   uW/m^2*Sr,
2010-03-10 17:22:47,          12,           0,        1023,           1,        -272,       22.50,           0,           0,        6.33,           0,   uW/m^2*Sr,
2010-03-10 17:22:48,          12,           0,        1023,           1,        -272,       22.50,           0,           0,        6.33,           0,   uW/m^2*Sr,
2010-03-10 17:23:03,           8,           0,        1023,           1,        -272,       22.50,           0,           0,        3.80,           0,   uW/m^2*Sr,
2010-03-10 17:23:50,           8,           0,        1023,           1,        -272,       22.50,           0,           0,        3.80,           0,   uW/m^2*Sr,
2010-03-10 17:24:00,          12,           0,        1023,           1,        -272,       22.50,           0,           0,        6.33,           0,   uW/m^2*Sr,
2010-03-10 17:24:05,          12,           0,        1023,           1,        -272,       22.50,           0,           0,        6.33,           0,   uW/m^2*Sr,
2010-03-10 17:24:19,          12,           0,        1023,           1,        -272,       22.50,           0,           0,        6.33,           0,   uW/m^2*Sr,
2010-03-10 17:24:29,          12,           0,        1023,           1,        -272,       22.50,           0,           0,        6.33,           0,   uW/m^2*Sr,
2010-03-10 17:24:35,          12,           0,        1023,           1,        -272,       22.50,           0,           0,        6.33,           0,   uW/m^2*Sr,
2010-03-10 17:24:45,          12,           0,        1023,           1,        -272,       22.50,           0,           0,        6.33,           0,   uW/m^2*Sr,
2010-03-10 17:24:52,          12,           0,        1023,           1,        -272,       22.50,           0,           0,        6.33,           0,   uW/m^2*Sr,
2010-03-10 17:25:07,          12,           0,        1023,           1,        -272,       22.50,           0,           0,        6.33,           0,   uW/m^2*Sr,
2010-03-10 17:25:12,          12,           0,        1023,           1,        -272,       22.50,           0,           0,        6.33,           0,   uW/m^2*Sr,
2010-03-10 17:25:26,          12,           0,        1023,           1,        -272,       22.50,           0,           0,        6.33,           0,   uW/m^2*Sr,
2010-03-10 17:25:33,          12,           0,        1023,           1,        -272,       22.50,           0,           0,        6.33,           0,   uW/m^2*Sr,
2010-03-10 17:25:40,          12,           0,        1023,           1,        -272,       22.50,           0,           0,        6.33,           0,   uW/m^2*Sr,
2010-03-10 17:25:53,          12,           0,        1023,           1,        -272,       22.50,           0,           0,        6.33,           0,   uW/m^2*Sr,
2010-03-10 17:26:01,          12,           0,        1023,           1,        -272,       22.50,           0,           0,        6.33,           0,   uW/m^2*Sr,
2010-03-10 17:26:11,          12,           0,        1023,           1,        -272,       22.50,           0,           0,        6.33,           0,   uW/m^2*Sr,
2010-03-10 17:26:22,          12,           0,        1023,           1,        -272,       22.50,           0,           0,        6.33,           0,   uW/m^2*Sr,
2010-03-10 17:26:24,          12,           0,        1023,           1,        -272,       22.50,           0,           0,        6.33,           0,   uW/m^2*Sr,
2010-03-10 17:26:38,          12,           0,        1023,           1,        -272,       22.50,           0,           0,        6.33,           0,   uW/m^2*Sr,
2010-03-10 17:26:44,          12,           0,        1023,           1,        -272,       22.50,           0,           0,        6.33,           0,   uW/m^2*Sr,
2010-03-10 17:26:53,          12,           0,        1023,           1,        -272,       22.50,           0,           0,        6.33,           0,   uW/m^2*Sr,
2010-03-10 17:27:05,          12,           0,        1023,           1,        -272,       22.50,           0,           0,        6.33,           0,   uW/m^2*Sr,
2010-03-10 17:27:15,          12,           0,        1023,           1,        -272,       22.50,           0,           0,        6.33,           0,   uW/m^2*Sr,
2010-03-10 17:27:28,          12,           0,        1023,           1,        -272,       22.50,           0,           0,        6.33,           0,   uW/m^2*Sr,
2010-03-10 17:27:32,          12,           0,        1023,           1,        -272,       22.50,           0,           0,        6.33,           0,   uW/m^2*Sr,
2010-03-10 17:27:41,          12,           0,        1023,           1,        -272,       22.50,           0,           0,        6.33,           0,   uW/m^2*Sr,
2010-03-10 17:27:58,          12,           0,        1023,           1,        -272,       22.50,           0,           0,        6.33,           0,   uW/m^2*Sr,
2010-03-10 17:28:05,          12,           0,        1023,           1,        -272,       22.50,           0,           0,        6.33,           0,   uW/m^2*Sr,
2010-03-10 17:28:10,          12,           0,        1023,           1,        -272,       22.50,           0,           0,        6.33,           0,   uW/m^2*Sr,
2010-03-10 17:28:19,          12,           0,        1023,           1,        -272,       22.50,           0,           0,        6.33,           0,   uW/m^2*Sr,
2010-03-10 17:28:38,          12,           0,        1023,           1,        -272,       22.50,           0,           0,        6.33,           0,   uW/m^2*Sr,
2010-03-10 17:28:43,          12,           0,        1023,           1,        -272,       22.50,           0,           0,        6.33,           0,   uW/m^2*Sr,
2010-03-10 17:28:51,          12,           0,        1023,           1,        -272,       22.50,           0,           0,        6.33,           0,   uW/m^2*Sr,
2010-03-10 17:29:08,          12,           0,        1023,           1,        -272,       22.50,           0,           0,        6.33,           0,   uW/m^2*Sr,
2010-03-10 17:29:17,          12,           0,        1023,           1,        -272,       22.50,           0,           0,        6.33,           0,   uW/m^2*Sr,
2010-03-10 17:29:22,          12,           0,        1023,           1,        -272,       22.50,           0,           0,        6.33,           0,   uW/m^2*Sr,
2010-03-10 17:29:31,          12,           0,        1023,           1,        -272,       22.50,           0,           0,        6.33,           0,   uW/m^2*Sr,
2010-03-10 17:29:38,          12,           0,        1023,           1,        -272,       22.50,           0,           0,        6.33,           0,   uW/m^2*Sr,
2010-03-10 17:29:48,          12,           0,        1023,           1,        -272,       22.50,           0,           0,        6.33,           0,   uW/m^2*Sr,
2010-03-10 17:29:59,          12,           0,        1023,           1,        -272,       22.50,           0,           0,        6.33,           0,   uW/m^2*Sr,
2010-03-10 17:30:09,          12,           0,        1023,           1,        -272,       22.50,           0,           0,        6.33,           0,   uW/m^2*Sr,
2010-03-10 17:30:19,          16,           0,        1023,           1,        -272,       22.50,           0,           0,        8.87,           0,   uW/m^2*Sr,
2010-03-10 17:30:28,          12,           0,        1023,           1,        -272,       22.50,           0,           0,        6.33,           0,   uW/m^2*Sr,
2010-03-10 17:30:39,          16,           0,        1023,           1,        -272,       22.50,           0,           0,        8.87,           0,   uW/m^2*Sr,
2010-03-10 17:30:47,          12,           0,        1023,           1,        -272,       22.50,           0,           0,        6.33,           0,   uW/m^2*Sr,
2010-03-10 17:31:03,          12,           0,        1023,           1,        -272,       22.50,           0,           0,        6.33,           0,   uW/m^2*Sr,
2010-03-10 17:31:10,          12,           0,        1023,           1,        -272,       22.50,           0,           0,        6.33,           0,   uW/m^2*Sr,
2010-03-10 17:31:18,          12,           0,        1023,           1,        -272,       22.50,           0,           0,        6.33,           0,   uW/m^2*Sr,
2010-03-10 17:31:27,          12,           0,        1023,           1,        -272,       22.50,           0,           0,        6.33,           0,   uW/m^2*Sr,
2010-03-10 17:31:37,          12,           0,        1023,           1,        -272,       22.50,           0,           0,        6.33,           0,   uW/m^2*Sr,
2010-03-10 18:06:32,          40,           1,        1023,           1,        -272,       22.50,           0,           0,       24.06,           0,   uW/m^2*Sr,
2010-03-10 18:08:31,          40,           1,        1023,           1,        -272,       22.50,           0,           0,       24.06,           0,   uW/m^2*Sr,
2010-03-10 18:08:54,          36,           1,        1023,           1,        -272,       22.50,           0,           0,       21.53,           0,   uW/m^2*Sr,
2010-03-10 18:09:08,          36,           1,        1023,           1,        -272,       22.50,           0,           0,       21.53,           0,   uW/m^2*Sr,
2010-03-10 18:09:11,          36,           1,        1023,           1,        -272,       22.50,           0,           0,       21.53,           0,   uW/m^2*Sr,
2010-03-10 18:09:29,          36,           1,        1023,           1,        -272,       22.50,           0,           0,       21.53,           0,   uW/m^2*Sr,
2010-03-10 18:09:41,          40,           1,        1023,           1,        -272,       22.50,           0,           0,       24.06,           0,   uW/m^2*Sr,
2010-03-10 18:10:43,          40,           1,        1023,           1,        -272,       22.50,           0,           0,       24.06,           0,   uW/m^2*Sr,
2010-03-10 18:11:27,          36,           1,        1023,           1,        -272,       22.50,           0,           0,       21.53,           0,   uW/m^2*Sr,
2010-03-10 18:11:41,          36,           1,        1023,           1,        -272,       22.50,           0,           0,       21.53,           0,   uW/m^2*Sr,
2010-03-10 18:11:44,          36,           1,        1023,           1,        -272,       22.50,           0,           0,       21.53,           0,   uW/m^2*Sr,
2010-03-10 18:12:00,          36,           1,        1023,           1,        -272,       22.50,           0,           0,       21.53,           0,   uW/m^2*Sr,
2010-03-10 18:12:16,          40,           1,        1023,           1,        -272,       22.50,           0,           0,       24.06,           0,   uW/m^2*Sr,
2010-03-10 18:12:33,          44,           1,        1023,           1,        -272,       22.50,           0,           0,       26.60,           0,   uW/m^2*Sr,
2010-03-10 18:12:45,          56,           1,        1023,           1,        -272,       22.50,           0,           0,       34.19,           0,   uW/m^2*Sr,
2010-03-10 18:13:00,          60,           1,        1023,           1,        -272,       22.50,           0,           0,       36.73,           0,   uW/m^2*Sr,
2010-03-10 18:13:10,          56,           1,        1023,           1,        -272,       22.50,           0,           0,       34.19,           0,   uW/m^2*Sr,
2010-03-10 18:13:16,          52,           1,        1023,           1,        -272,       22.50,           0,           0,       31.66,           0,   uW/m^2*Sr,
2010-03-10 18:13:30,          52,           1,        1023,           1,        -272,       22.50,           0,           0,       31.66,           0,   uW/m^2*Sr,
2010-03-10 18:13:31,          52,           1,        1023,           1,        -272,       22.50,           0,           0,       31.66,           0,   uW/m^2*Sr,
2010-03-10 18:13:45,          52,           1,        1023,           1,        -272,       22.50,           0,           0,       31.66,           0,   uW/m^2*Sr,
2010-03-10 18:13:53,          52,           1,        1023,           1,        -272,       22.50,           0,           0,       31.66,           0,   uW/m^2*Sr,
2010-03-10 18:14:00,          52,           1,        1023,           1,        -272,       22.50,           0,           0,       31.66,           0,   uW/m^2*Sr,
2010-03-10 18:14:12,          52,           1,        1023,           1,        -272,       22.50,           0,           0,       31.66,           0,   uW/m^2*Sr,
2010-03-10 18:14:23,          52,           1,        1023,           1,        -272,       22.50,           0,           0,       31.66,           0,   uW/m^2*Sr,
2010-03-10 18:14:30,          52,           1,        1023,           1,        -272,       22.50,           0,           0,       31.66,           0,   uW/m^2*Sr,
2010-03-10 18:14:38,          52,           1,        1023,           1,        -272,       22.50,           0,           0,       31.66,           0,   uW/m^2*Sr,
2010-03-10 18:14:54,          52,           1,        1023,           1,        -272,       22.50,           0,           0,       31.66,           0,   uW/m^2*Sr,
2010-03-10 18:15:00,          52,           1,        1023,           1,        -272,       22.50,           0,           0,       31.66,           0,   uW/m^2*Sr,
2010-03-10 18:15:09,          52,           1,        1023,           1,        -272,       22.50,           0,           0,       31.66,           0,   uW/m^2*Sr,
2010-03-10 18:15:20,          52,           1,        1023,           1,        -272,       22.50,           0,           0,       31.66,           0,   uW/m^2*Sr,
2010-03-10 18:15:29,          52,           1,        1023,           1,        -272,       22.50,           0,           0,       31.66,           0,   uW/m^2*Sr,
2010-03-10 18:15:42,          52,           1,        1023,           1,        -272,       22.50,           0,           0,       31.66,           0,   uW/m^2*Sr,
2010-03-10 18:15:50,          48,           1,        1023,           1,        -272,       22.50,           0,           0,       29.13,           0,   uW/m^2*Sr,
2010-03-10 18:16:03,          48,           1,        1023,           1,        -272,       22.50,           0,           0,       29.13,           0,   uW/m^2*Sr,
2010-03-10 18:16:10,          48,           1,        1023,           1,        -272,       22.50,           0,           0,       29.13,           0,   uW/m^2*Sr,
2010-03-10 18:16:17,          48,           1,        1023,           1,        -272,       22.50,           0,           0,       29.13,           0,   uW/m^2*Sr,
2010-03-10 18:16:24,          48,           1,        1023,           1,        -272,       22.50,           0,           0,       29.13,           0,   uW/m^2*Sr,
2010-03-10 18:16:34,          48,           1,        1023,           1,        -272,       22.50,           0,           0,       29.13,           0,   uW/m^2*Sr,
2010-03-10 18:16:44,          48,           1,        1023,           1,        -272,       22.50,           0,           0,       29.13,           0,   uW/m^2*Sr,
2010-03-10 18:16:54,          48,           1,        1023,           1,        -272,       22.50,           0,           0,       29.13,           0,   uW/m^2*Sr,
2010-03-10 18:17:05,          48,           1,        1023,           1,        -272,       22.50,           0,           0,       29.13,           0,   uW/m^2*Sr,
2010-03-10 18:17:10,          52,           1,        1023,           1,        -272,       22.50,           0,           0,       31.66,           0,   uW/m^2*Sr,
2010-03-10 18:17:23,          52,           1,        1023,           1,        -272,       22.50,           0,           0,       31.66,           0,   uW/m^2*Sr,
2010-03-10 18:17:37,          52,           1,        1023,           1,        -272,       22.50,           0,           0,       31.66,           0,   uW/m^2*Sr,
2010-03-10 18:17:46,          52,           1,        1023,           1,        -272,       22.50,           0,           0,       31.66,           0,   uW/m^2*Sr,
2010-03-10 18:17:52,          52,           1,        1023,           1,        -272,       22.50,           0,           0,       31.66,           0,   uW/m^2*Sr,
2010-03-10 18:17:59,          48,           1,        1023,           1,        -272,       22.50,           0,           0,       29.13,           0,   uW/m^2*Sr,
2010-03-10 18:18:16,          48,           1,        1023,           1,        -272,       22.50,           0,           0,       29.13,           0,   uW/m^2*Sr,
2010-03-10 18:18:18,          48,           1,        1023,           1,        -272,       22.50,           0,           0,       29.13,           0,   uW/m^2*Sr,
2010-03-10 18:18:33,          52,           1,        1023,           1,        -272,       22.50,           0,           0,       31.66,           0,   uW/m^2*Sr,
2010-03-10 18:18:42,          60,           1,        1023,           1,        -272,       22.50,           0,           0,       36.73,           0,   uW/m^2*Sr,
2010-03-10 18:18:49,          64,           1,        1023,           1,        -272,       22.50,           0,           0,       39.26,           0,   uW/m^2*Sr,
2010-03-10 18:18:57,          64,           1,        1023,           1,        -272,       22.50,           0,           0,       39.26,           0,   uW/m^2*Sr,
2010-03-10 18:19:08,          60,           1,        1023,           1,        -272,       22.50,           0,           0,       36.73,           0,   uW/m^2*Sr,
2010-03-10 18:19:21,          48,           1,        1023,           1,        -272,       22.50,           0,           0,       29.13,           0,   uW/m^2*Sr,
2010-03-10 18:19:26,          44,           1,        1023,           1,        -272,       22.50,           0,           0,       26.60,           0,   uW/m^2*Sr,
2010-03-10 18:19:43,          40,           1,        1023,           1,        -272,       22.50,           0,           0,       24.06,           0,   uW/m^2*Sr,
2010-03-10 18:19:47,          40,           1,        1023,           1,        -272,       22.50,           0,           0,       24.06,           0,   uW/m^2*Sr,
2010-03-10 18:20:00,          40,           1,        1023,           1,        -272,       22.50,           0,           0,       24.06,           0,   uW/m^2*Sr,
2010-03-10 18:20:11,          44,           1,        1023,           1,        -272,       22.50,           0,           0,       26.60,           0,   uW/m^2*Sr,
2010-03-10 18:20:14,          44,           1,        1023,           1,        -272,       22.50,           0,           0,       26.60,           0,   uW/m^2*Sr,
2010-03-10 18:20:30,          44,           1,        1023,           1,        -272,       22.50,           0,           0,       26.60,           0,   uW/m^2*Sr,
2010-03-10 18:20:34,          40,           1,        1023,           1,        -272,       22.50,           0,           0,       24.06,           0,   uW/m^2*Sr,
2010-03-10 18:20:43,          36,           1,        1023,           1,        -272,       22.50,           0,           0,       21.53,           0,   uW/m^2*Sr,
2010-03-10 18:20:57,          36,           1,        1023,           1,        -272,       22.50,           0,           0,       21.53,           0,   uW/m^2*Sr,
2010-03-10 18:21:24,          32,           1,        1023,           1,        -272,       22.50,           0,           0,       19.00,           0,   uW/m^2*Sr,
2010-03-10 18:21:44,          32,           1,        1023,           1,        -272,       22.50,           0,           0,       19.00,           0,   uW/m^2*Sr,
2010-03-10 18:21:47,          28,           1,        1023,           1,        -272,       22.50,           0,           0,       16.46,           0,   uW/m^2*Sr,
2010-03-10 18:21:59,          24,           0,        1023,           1,        -272,       22.50,           0,           0,       13.93,           0,   uW/m^2*Sr,
2010-03-10 18:22:06,          24,           1,        1023,           1,        -272,       22.50,           0,           0,       13.93,           0,   uW/m^2*Sr,
2010-03-10 18:22:21,          24,           1,        1023,           1,        -272,       22.50,           0,           0,       13.93,           0,   uW/m^2*Sr,
2010-03-10 18:22:23,          24,           1,        1023,           1,        -272,       22.50,           0,           0,       13.93,           0,   uW/m^2*Sr,
2010-03-10 18:22:34,          24,           0,        1023,           1,        -272,       22.50,           0,           0,       13.93,           0,   uW/m^2*Sr,
2010-03-10 18:22:45,          28,           0,        1023,           1,        -272,       22.50,           0,           0,       16.46,           0,   uW/m^2*Sr,
2010-03-10 18:22:55,          28,           0,        1023,           1,        -272,       22.50,           0,           0,       16.46,           0,   uW/m^2*Sr,
2010-03-10 18:23:03,          28,           0,        1023,           1,        -272,       22.50,           0,           0,       16.46,           0,   uW/m^2*Sr,
2010-03-10 18:23:16,          28,           0,        1023,           1,        -272,       22.50,           0,           0,       16.46,           0,   uW/m^2*Sr,
2010-03-10 18:23:26,          28,           0,        1023,           1,        -272,       22.50,           0,           0,       16.46,           0,   uW/m^2*Sr,
2010-03-10 18:23:36,          28,           0,        1023,           1,        -272,       22.50,           0,           0,       16.46,           0,   uW/m^2*Sr,
2010-03-10 18:23:45,          24,           0,        1023,           1,        -272,       22.50,           0,           0,       13.93,           0,   uW/m^2*Sr,
2010-03-10 18:23:54,          24,           0,        1023,           1,        -272,       22.50,           0,           0,       13.93,           0,   uW/m^2*Sr,
2010-03-10 18:24:01,          24,           0,        1023,           1,        -272,       22.50,           0,           0,       13.93,           0,   uW/m^2*Sr,
2010-03-10 18:24:14,          24,           0,        1023,           1,        -272,       22.50,           0,           0,       13.93,           0,   uW/m^2*Sr,
2010-03-10 18:24:20,          24,           0,        1023,           1,        -272,       22.50,           0,           0,       13.93,           0,   uW/m^2*Sr,
2010-03-10 18:24:35,          24,           0,        1023,           1,        -272,       22.50,           0,           0,       13.93,           0,   uW/m^2*Sr,
2010-03-10 18:24:39,          20,           0,        1023,           1,        -272,       22.50,           0,           0,       11.40,           0,   uW/m^2*Sr,
2010-03-10 18:24:53,          20,           0,        1023,           1,        -272,       22.50,           0,           0,       11.40,           0,   uW/m^2*Sr,
2010-03-10 18:24:56,          20,           0,        1023,           1,        -272,       22.50,           0,           0,       11.40,           0,   uW/m^2*Sr,
2010-03-10 18:25:06,          20,           0,        1023,           1,        -272,       22.50,           0,           0,       11.40,           0,   uW/m^2*Sr,
2010-03-10 18:25:21,          20,           1,        1023,           1,        -272,       22.50,           0,           0,       11.40,           0,   uW/m^2*Sr,
2010-03-10 18:25:24,          20,           1,        1023,           1,        -272,       22.50,           0,           0,       11.40,           0,   uW/m^2*Sr,
2010-03-10 18:25:35,          20,           1,        1023,           1,        -272,       22.50,           0,           0,       11.40,           0,   uW/m^2*Sr,
2010-03-10 18:25:48,          20,           1,        1023,           1,        -272,       22.50,           0,           0,       11.40,           0,   uW/m^2*Sr,
2010-03-10 18:25:57,          20,           1,        1023,           1,        -272,       22.50,           0,           0,       11.40,           0,   uW/m^2*Sr,
2010-03-10 18:26:08,          20,           1,        1023,           1,        -272,       22.50,           0,           0,       11.40,           0,   uW/m^2*Sr,
2010-03-10 18:26:15,          20,           1,        1023,           1,        -272,       22.50,           0,           0,       11.40,           0,   uW/m^2*Sr,
2010-03-10 18:26:24,          20,           1,        1023,           1,        -272,       22.50,           0,           0,       11.40,           0,   uW/m^2*Sr,
2010-03-10 18:26:38,          20,           1,        1023,           1,        -272,       22.50,           0,           0,       11.40,           0,   uW/m^2*Sr,
2010-03-10 18:26:46,          20,           1,        1023,           1,        -272,       22.50,           0,           0,       11.40,           0,   uW/m^2*Sr,
2010-03-10 18:26:51,          20,           1,        1023,           1,        -272,       22.50,           0,           0,       11.40,           0,   uW/m^2*Sr,
2010-03-10 18:26:58,          20,           1,        1023,           1,        -272,       22.50,           0,           0,       11.40,           0,   uW/m^2*Sr,
2010-03-10 18:27:15,          20,           1,        1023,           1,        -272,       22.50,           0,           0,       11.40,           0,   uW/m^2*Sr,
2010-03-10 18:27:18,          20,           1,        1023,           1,        -272,       22.50,           0,           0,       11.40,           0,   uW/m^2*Sr,
2010-03-10 18:27:27,          20,           1,        1023,           1,        -272,       22.50,           0,           0,       11.40,           0,   uW/m^2*Sr,
2010-03-10 18:27:37,          20,           1,        1023,           1,        -272,       22.50,           0,           0,       11.40,           0,   uW/m^2*Sr,
2010-03-10 18:27:51,          20,           1,        1023,           1,        -272,       22.50,           0,           0,       11.40,           0,   uW/m^2*Sr,
2010-03-10 18:28:01,          20,           1,        1023,           1,        -272,       22.50,           0,           0,       11.40,           0,   uW/m^2*Sr,
2010-03-10 18:28:09,          20,           1,        1023,           1,        -272,       22.50,           0,           0,       11.40,           0,   uW/m^2*Sr,
2010-03-10 18:28:15,          24,           1,        1023,           1,        -272,       22.50,           0,           0,       13.93,           0,   uW/m^2*Sr,
2010-03-10 18:28:23,          24,           1,        1023,           1,        -272,       22.50,           0,           0,       13.93,           0,   uW/m^2*Sr,
2010-03-10 18:28:33,          24,           1,        1023,           1,        -272,       22.50,           0,           0,       13.93,           0,   uW/m^2*Sr,
2010-03-10 18:28:48,          20,           1,        1023,           1,        -272,       22.50,           0,           0,       11.40,           0,   uW/m^2*Sr,
2010-03-10 18:28:54,          20,           1,        1023,           1,        -272,       22.50,           0,           0,       11.40,           0,   uW/m^2*Sr,
2010-03-10 18:29:07,          20,           1,        1023,           1,        -272,       22.50,           0,           0,       11.40,           0,   uW/m^2*Sr,
2010-03-10 18:29:18,          20,           1,        1023,           1,        -272,       22.50,           0,           0,       11.40,           0,   uW/m^2*Sr,
2010-03-10 18:29:21,          20,           0,        1023,           1,        -272,       22.50,           0,           0,       11.40,           0,   uW/m^2*Sr,
2010-03-10 18:29:29,          20,           1,        1023,           1,        -272,       22.50,           0,           0,       11.40,           0,   uW/m^2*Sr,
2010-03-10 18:29:48,          20,           0,        1023,           1,        -272,       22.50,           0,           0,       11.40,           0,   uW/m^2*Sr,
2010-03-10 18:29:55,          20,           1,        1023,           1,        -272,       22.50,           0,           0,       11.40,           0,   uW/m^2*Sr,
2010-03-10 18:30:08,          20,           1,        1023,           1,        -272,       22.50,           0,           0,       11.40,           0,   uW/m^2*Sr,
2010-03-10 18:30:12,          20,           1,        1023,           1,        -272,       22.50,           0,           0,       11.40,           0,   uW/m^2*Sr,
2010-03-10 18:30:27,          20,           0,        1023,           1,        -272,       22.50,           0,           0,       11.40,           0,   uW/m^2*Sr,
2010-03-10 18:30:30,          20,           0,        1023,           1,        -272,       22.50,           0,           0,       11.40,           0,   uW/m^2*Sr,
2010-03-10 18:30:45,          20,           0,        1023,           1,        -272,       22.50,           0,           0,       11.40,           0,   uW/m^2*Sr,
2010-03-10 18:30:55,          20,           0,        1023,           1,        -272,       22.50,           0,           0,       11.40,           0,   uW/m^2*Sr,
2010-03-10 18:30:56,          16,           0,        1023,           1,        -272,       22.50,           0,           0,        8.87,           0,   uW/m^2*Sr,
2010-03-10 18:31:12,          16,           0,        1023,           1,        -272,       22.50,           0,           0,        8.87,           0,   uW/m^2*Sr,
2010-03-10 18:31:19,          16,           0,        1023,           1,        -272,       22.50,           0,           0,        8.87,           0,   uW/m^2*Sr,
2010-03-10 18:31:34,          16,           0,        1023,           1,        -272,       22.50,           0,           0,        8.87,           0,   uW/m^2*Sr,
2010-03-10 18:31:41,          16,           0,        1023,           1,        -272,       22.50,           0,           0,        8.87,           0,   uW/m^2*Sr,
2010-03-10 18:31:50,          16,           0,        1023,           1,        -272,       22.50,           0,           0,        8.87,           0,   uW/m^2*Sr,
2010-03-10 18:31:59,          24,           0,        1023,           1,        -272,       22.50,           0,           0,       13.93,           0,   uW/m^2*Sr,
2010-03-10 18:32:10,          28,           0,        1023,           1,        -272,       22.50,           0,           0,       16.46,           0,   uW/m^2*Sr,
2010-03-10 18:32:16,          24,           0,        1023,           1,        -272,       22.50,           0,           0,       13.93,           0,   uW/m^2*Sr,
2010-03-10 18:32:25,          20,           0,        1023,           1,        -272,       22.50,           0,           0,       11.40,           0,   uW/m^2*Sr,
2010-03-10 18:32:34,          16,           0,        1023,           1,        -272,       22.50,           0,           0,        8.87,           0,   uW/m^2*Sr,
2010-03-10 18:32:41,          16,           0,        1023,           1,        -272,       22.50,           0,           0,        8.87,           0,   uW/m^2*Sr,
2010-03-10 18:32:53,          20,           0,        1023,           1,        -272,       22.50,           0,           0,       11.40,           0,   uW/m^2*Sr,
2010-03-10 18:33:07,          28,           0,        1023,           1,        -272,       22.50,           0,           0,       16.46,           0,   uW/m^2*Sr,
2010-03-10 18:33:14,          32,           0,        1023,           1,        -272,       22.50,           0,           0,       19.00,           0,   uW/m^2*Sr,
2010-03-10 18:33:22,          20,           0,        1023,           1,        -272,       22.50,           0,           0,       11.40,           0,   uW/m^2*Sr,
2010-03-10 18:33:36,          20,           0,        1023,           1,        -272,       22.50,           0,           0,       11.40,           0,   uW/m^2*Sr,
2010-03-10 18:33:42,          24,           0,        1023,           1,        -272,       22.50,           0,           0,       13.93,           0,   uW/m^2*Sr,
2010-03-10 18:33:46,          24,           0,        1023,           1,        -272,       22.50,           0,           0,       13.93,           0,   uW/m^2*Sr,
2010-03-10 18:33:57,          20,           0,        1023,           1,        -272,       22.50,           0,           0,       11.40,           0,   uW/m^2*Sr,
2010-03-10 18:34:11,          20,           0,        1023,           1,        -272,       22.50,           0,           0,       11.40,           0,   uW/m^2*Sr,
2010-03-10 18:34:18,          24,           0,        1023,           1,        -272,       22.50,           0,           0,       13.93,           0,   uW/m^2*Sr,
2010-03-10 18:34:27,          20,           0,        1023,           1,        -272,       22.50,           0,           0,       11.40,           0,   uW/m^2*Sr,
2010-03-10 18:34:35,          20,           0,        1023,           1,        -272,       22.50,           0,           0,       11.40,           0,   uW/m^2*Sr,
2010-03-10 18:34:49,          16,           0,        1023,           1,        -272,       22.50,           0,           0,        8.87,           0,   uW/m^2*Sr,
2010-03-10 18:34:57,          16,           0,        1023,           1,        -272,       22.50,           0,           0,        8.87,           0,   uW/m^2*Sr,
2010-03-10 18:35:03,          16,           0,        1023,           1,        -272,       22.50,           0,           0,        8.87,           0,   uW/m^2*Sr,
2010-03-10 18:35:21,          20,           0,        1023,           1,        -272,       22.50,           0,           0,       11.40,           0,   uW/m^2*Sr,
2010-03-10 18:35:26,          20,           0,        1023,           1,        -272,       22.50,           0,           0,       11.40,           0,   uW/m^2*Sr,
2010-03-10 18:35:38,          20,           0,        1023,           1,        -272,       22.50,           0,           0,       11.40,           0,   uW/m^2*Sr,
2010-03-10 18:35:49,          28,           0,        1023,           1,        -272,       22.50,           0,           0,       16.46,           0,   uW/m^2*Sr,
2010-03-10 18:35:55,          60,           0,        1023,           1,        -272,       22.50,           0,           0,       36.73,           0,   uW/m^2*Sr,
2010-03-10 18:36:01,         148,           0,        1023,           1,        -272,       22.50,           0,           0,       92.45,           0,   uW/m^2*Sr,
2010-03-10 18:36:13,         156,           0,        1023,           1,        -272,       22.50,           0,           0,       97.51,           0,   uW/m^2*Sr,
2010-03-10 18:36:20,         132,           0,        1023,           1,        -272,       22.50,           0,           0,       82.32,           0,   uW/m^2*Sr,
2010-03-10 18:36:30,         108,           0,        1023,           1,        -272,       22.50,           0,           0,       67.12,           0,   uW/m^2*Sr,
2010-03-10 18:36:42,          96,           0,        1023,           1,        -272,       22.50,           0,           0,       59.52,           0,   uW/m^2*Sr,
2010-03-10 18:36:51,          92,           0,        1023,           1,        -272,       22.50,           0,           0,       56.99,           0,   uW/m^2*Sr,
2010-03-10 18:36:57,         100,           0,        1023,           1,        -272,       22.50,           0,           0,       62.06,           0,   uW/m^2*Sr,
2010-03-10 18:37:15,         112,           0,        1023,           1,        -272,       22.50,           0,           0,       69.65,           0,   uW/m^2*Sr,
2010-03-10 18:37:22,         112,           0,        1023,           1,        -272,       22.50,           0,           0,       69.65,           0,   uW/m^2*Sr,
2010-03-10 18:37:29,         160,           0,        1023,           1,        -272,       22.50,           0,           0,      100.05,           0,   uW/m^2*Sr,
2010-03-10 18:37:38,         220,           0,        1023,           1,        -272,       22.50,           0,           0,      138.04,           0,   uW/m^2*Sr,
2010-03-10 18:37:53,         204,           0,        1023,           1,        -272,       22.50,           0,           0,      127.91,           0,   uW/m^2*Sr,
2010-03-10 18:37:58,         184,           0,        1023,           1,        -272,       22.50,           0,           0,      115.24,           0,   uW/m^2*Sr,
2010-03-10 18:38:10,         184,           0,        1023,           1,        -272,       22.50,           0,           0,      115.24,           0,   uW/m^2*Sr,
2010-03-10 18:38:15,         188,           0,        1023,           1,        -272,       22.50,           0,           0,      117.78,           0,   uW/m^2*Sr,
2010-03-10 18:38:23,         204,           0,        1023,           1,        -272,       22.50,           0,           0,      127.91,           0,   uW/m^2*Sr,
2010-03-10 18:38:37,         200,           0,        1023,           1,        -272,       22.50,           0,           0,      125.38,           0,   uW/m^2*Sr,
2010-03-10 18:38:43,         216,           0,        1023,           1,        -272,       22.50,           0,           0,      135.51,           0,   uW/m^2*Sr,
2010-03-10 18:38:56,         240,           0,        1023,           1,        -272,       22.50,           0,           0,      150.70,           0,   uW/m^2*Sr,
2010-03-10 18:39:03,         252,           0,        1023,           1,        -272,       22.50,           0,           0,      158.30,           0,   uW/m^2*Sr,
2010-03-10 18:39:10,         248,           0,        1023,           1,        -272,       22.50,           0,           0,      155.77,           0,   uW/m^2*Sr,
2010-03-10 18:39:25,         212,           0,        1023,           1,        -272,       22.50,           0,           0,      132.97,           0,   uW/m^2*Sr,
2010-03-10 18:39:30,         200,           0,        1023,           1,        -272,       22.50,           0,           0,      125.38,           0,   uW/m^2*Sr,
2010-03-10 18:39:40,         204,           0,        1023,           1,        -272,       22.50,           0,           0,      127.91,           0,   uW/m^2*Sr,
2010-03-10 18:39:53,         208,           0,        1023,           1,        -272,       22.50,           0,           0,      130.44,           0,   uW/m^2*Sr,
2010-03-10 18:40:06,         184,           0,        1023,           1,        -272,       22.50,           0,           0,      115.24,           0,   uW/m^2*Sr,
2010-03-10 18:40:11,         124,           0,        1023,           1,        -272,       22.50,           0,           0,       77.25,           0,   uW/m^2*Sr,
2010-03-10 18:40:23,         112,           0,        1023,           1,        -272,       22.50,           0,           0,       69.65,           0,   uW/m^2*Sr,
2010-03-10 18:40:28,         112,           0,        1023,           1,        -272,       22.50,           0,           0,       69.65,           0,   uW/m^2*Sr,
2010-03-10 18:40:44,         120,           0,        1023,           1,        -272,       22.50,           0,           0,       74.72,           0,   uW/m^2*Sr,
2010-03-10 18:40:49,         144,           0,        1023,           1,        -272,       22.50,           0,           0,       89.92,           0,   uW/m^2*Sr,
2010-03-10 18:41:01,         144,           0,        1023,           1,        -272,       22.50,           0,           0,       89.92,           0,   uW/m^2*Sr,
2010-03-10 18:41:36,         160,           0,        1023,           1,        -272,       22.50,           0,           0,      100.05,           0,   uW/m^2*Sr,
2010-03-10 18:41:49,         176,           0,        1023,           1,        -272,       22.50,           0,           0,      110.18,           0,   uW/m^2*Sr,
2010-03-10 18:42:12,         216,           0,        1023,           1,        -272,       22.50,           0,           0,      135.51,           0,   uW/m^2*Sr,
2010-03-10 18:42:58,         224,           0,        1023,           1,        -272,       22.50,           0,           0,      140.57,           0,   uW/m^2*Sr,
2010-03-10 18:43:01,         204,           0,        1023,           1,        -272,       22.50,           0,           0,      127.91,           0,   uW/m^2*Sr,
2010-03-10 18:43:31,         180,           0,        1023,           1,        -272,       22.50,           0,           0,      112.71,           0,   uW/m^2*Sr,
2010-03-10 18:43:47,         176,           0,        1023,           1,        -272,       22.50,           0,           0,      110.18,           0,   uW/m^2*Sr,
2010-03-10 18:44:07,         168,           0,        1023,           1,        -272,       22.50,           0,           0,      105.11,           0,   uW/m^2*Sr,
2010-03-10 18:44:26,         152,           0,        1023,           1,        -272,       22.50,           0,           0,       94.98,           0,   uW/m^2*Sr,
2010-03-10 18:45:07,         132,           0,        1023,           1,        -272,       22.50,           0,           0,       82.32,           0,   uW/m^2*Sr,
2010-03-10 18:45:26,         128,           0,        1023,           1,        -272,       22.50,           0,           0,       79.78,           0,   uW/m^2*Sr,
2010-03-10 18:45:43,         132,           0,        1023,           1,        -272,       22.50,           0,           0,       82.32,           0,   uW/m^2*Sr,
2010-03-10 18:46:01,         120,           0,        1023,           1,        -272,       22.50,           0,           0,       74.72,           0,   uW/m^2*Sr,
2010-03-10 18:46:21,         112,           0,        1023,           1,        -272,       22.50,           0,           0,       69.65,           0,   uW/m^2*Sr,
2010-03-10 18:46:42,         104,           0,        1023,           1,        -272,       22.50,           0,           0,       64.59,           0,   uW/m^2*Sr,
2010-03-10 18:47:02,          96,           0,        1023,           1,        -272,       22.50,           0,           0,       59.52,           0,   uW/m^2*Sr,
2010-03-10 18:47:21,          88,           0,        1023,           1,        -272,       22.50,           0,           0,       54.46,           0,   uW/m^2*Sr,
2010-03-10 18:47:39,          84,           0,        1023,           1,        -272,       22.50,           0,           0,       51.92,           0,   uW/m^2*Sr,
2010-03-10 18:48:21,          84,           0,        1023,           1,        -272,       22.50,           0,           0,       51.92,           0,   uW/m^2*Sr,
2010-03-10 18:48:37,          84,           0,        1023,           1,        -272,       22.50,           0,           0,       51.92,           0,   uW/m^2*Sr,
2010-03-10 18:49:02,          84,           0,        1023,           1,        -272,       22.50,           0,           0,       51.92,           0,   uW/m^2*Sr,
2010-03-10 18:49:24,          80,           0,        1023,           1,        -272,       22.50,           0,           0,       49.39,           0,   uW/m^2*Sr,
2010-03-10 18:49:25,          80,           0,        1023,           1,        -272,       22.50,           0,           0,       49.39,           0,   uW/m^2*Sr,
2010-03-10 18:49:48,          84,           0,        1023,           1,        -272,       22.50,           0,           0,       51.92,           0,   uW/m^2*Sr,
2010-03-10 18:50:22,          84,           0,        1023,           1,        -272,       22.50,           0,           0,       51.92,           0,   uW/m^2*Sr,
2010-03-10 18:50:48,          80,           0,        1023,           1,        -272,       22.50,           0,           0,       49.39,           0,   uW/m^2*Sr,
2010-03-10 18:50:56,          80,           0,        1023,           1,        -272,       22.50,           0,           0,       49.39,           0,   uW/m^2*Sr,
2010-03-10 18:51:16,          76,           0,        1023,           1,        -272,       22.50,           0,           0,       46.86,           0,   uW/m^2*Sr,
2010-03-10 18:51:51,          76,           0,        1023,           1,        -272,       22.50,           0,           0,       46.86,           0,   uW/m^2*Sr,
2010-03-10 18:52:14,          76,           0,        1023,           1,        -272,       22.50,           0,           0,       46.86,           0,   uW/m^2*Sr,
2010-03-10 18:52:18,          80,           0,        1023,           1,        -272,       22.50,           0,           0,       49.39,           0,   uW/m^2*Sr,
2010-03-10 18:52:36,          80,           0,        1023,           1,        -272,       22.50,           0,           0,       49.39,           0,   uW/m^2*Sr,
2010-03-10 18:52:59,          80,           0,        1023,           1,        -272,       22.50,           0,           0,       49.39,           0,   uW/m^2*Sr,
2010-03-10 18:53:18,          72,           0,        1023,           1,        -272,       22.50,           0,           0,       44.33,           0,   uW/m^2*Sr,
2010-03-10 18:53:38,          72,           0,        1023,           1,        -272,       22.50,           0,           0,       44.33,           0,   uW/m^2*Sr,
2010-03-10 18:54:17,          72,           0,        1023,           1,        -272,       22.50,           0,           0,       44.33,           0,   uW/m^2*Sr,
2010-03-10 18:54:38,          72,           0,        1023,           1,        -272,       22.50,           0,           0,       44.33,           0,   uW/m^2*Sr,
2010-03-10 18:54:58,          72,           0,        1023,           1,        -272,       22.50,           0,           0,       44.33,           0,   uW/m^2*Sr,
2010-03-10 18:54:59,          68,           0,        1023,           1,        -272,       22.50,           0,           0,       41.79,           0,   uW/m^2*Sr,
2010-03-10 18:55:21,          68,           0,        1023,           1,        -272,       22.50,           0,           0,       41.79,           0,   uW/m^2*Sr,
2010-03-10 18:55:52,          68,           0,        1023,           1,        -272,       22.50,           0,           0,       41.79,           0,   uW/m^2*Sr,
2010-03-10 18:56:21,          64,           0,        1023,           1,        -272,       22.50,           0,           0,       39.26,           0,   uW/m^2*Sr,
2010-03-10 18:56:38,          64,           1,        1023,           1,        -272,       22.50,           0,           0,       39.26,           0,   uW/m^2*Sr,
2010-03-10 18:57:01,          64,           1,        1023,           1,        -272,       22.50,           0,           0,       39.26,           0,   uW/m^2*Sr,
2010-03-10 18:57:09,          60,           1,        1023,           1,        -272,       22.50,           0,           0,       36.73,           0,   uW/m^2*Sr,
2010-03-10 18:57:18,          56,           1,        1023,           1,        -272,       22.50,           0,           0,       34.19,           0,   uW/m^2*Sr,
2010-03-10 18:57:27,          56,           1,        1023,           1,        -272,       22.50,           0,           0,       34.19,           0,   uW/m^2*Sr,
2010-03-10 18:57:36,          56,           1,        1023,           1,        -272,       22.50,           0,           0,       34.19,           0,   uW/m^2*Sr,
2010-03-10 18:57:46,          56,           1,        1023,           1,        -272,       22.50,           0,           0,       34.19,           0,   uW/m^2*Sr,
2010-03-10 18:58:01,          60,           1,        1023,           1,        -272,       22.50,           0,           0,       36.73,           0,   uW/m^2*Sr,
2010-03-10 18:58:19,          60,           1,        1023,           1,        -272,       22.50,           0,           0,       36.73,           0,   uW/m^2*Sr,
2010-03-10 18:58:28,          68,           1,        1023,           1,        -272,       22.50,           0,           0,       41.79,           0,   uW/m^2*Sr,
2010-03-10 18:58:34,          68,           1,        1023,           1,        -272,       22.50,           0,           0,       41.79,           0,   uW/m^2*Sr,
2010-03-10 18:58:39,          68,           1,        1023,           1,        -272,       22.50,           0,           0,       41.79,           0,   uW/m^2*Sr,
2010-03-10 18:58:53,          68,           1,        1023,           1,        -272,       22.50,           0,           0,       41.79,           0,   uW/m^2*Sr,
2010-03-10 18:59:02,          68,           0,        1023,           1,        -272,       22.50,           0,           0,       41.79,           0,   uW/m^2*Sr,
2010-03-10 18:59:14,          68,           0,        1023,           1,        -272,       22.50,           0,           0,       41.79,           0,   uW/m^2*Sr,
2010-03-10 18:59:19,          68,           0,        1023,           1,        -272,       22.50,           0,           0,       41.79,           0,   uW/m^2*Sr,
2010-03-10 18:59:29,          68,           0,        1023,           1,        -272,       22.50,           0,           0,       41.79,           0,   uW/m^2*Sr,
2010-03-10 18:59:44,          68,           0,        1023,           1,        -272,       22.50,           0,           0,       41.79,           0,   uW/m^2*Sr,
2010-03-10 18:59:51,          72,           0,        1023,           1,        -272,       22.50,           0,           0,       44.33,           0,   uW/m^2*Sr,
2010-03-10 19:00:00,          72,           0,        1023,           1,        -272,       22.50,           0,           0,       44.33,           0,   uW/m^2*Sr,
2010-03-10 19:00:08,          72,           0,        1023,           1,        -272,       22.50,           0,           0,       44.33,           0,   uW/m^2*Sr,
2010-03-10 19:00:20,          72,           0,        1023,           1,        -272,       22.50,           0,           0,       44.33,           0,   uW/m^2*Sr,
2010-03-10 19:00:34,          72,           0,        1023,           1,        -272,       22.50,           0,           0,       44.33,           0,   uW/m^2*Sr,
2010-03-10 19:00:42,          72,           0,        1023,           1,        -272,       22.50,           0,           0,       44.33,           0,   uW/m^2*Sr,
2010-03-10 19:00:45,          72,           0,        1023,           1,        -272,       22.50,           0,           0,       44.33,           0,   uW/m^2*Sr,
2010-03-10 19:00:55,          68,           0,        1023,           1,        -272,       22.50,           0,           0,       41.79,           0,   uW/m^2*Sr,
2010-03-10 19:01:07,          72,           0,        1023,           1,        -272,       22.50,           0,           0,       44.33,           0,   uW/m^2*Sr,
2010-03-10 19:01:16,          68,           0,        1023,           1,        -272,       22.50,           0,           0,       41.79,           0,   uW/m^2*Sr,
2010-03-10 19:01:27,          68,           0,        1023,           1,        -272,       22.50,           0,           0,       41.79,           0,   uW/m^2*Sr,
2010-03-10 19:01:39,          64,           0,        1023,           1,        -272,       22.50,           0,           0,       39.26,           0,   uW/m^2*Sr,
2010-03-10 19:01:47,          64,           0,        1023,           1,        -272,       22.50,           0,           0,       39.26,           0,   uW/m^2*Sr,
2010-03-10 19:01:56,          60,           0,        1023,           1,        -272,       22.50,           0,           0,       36.73,           0,   uW/m^2*Sr,
2010-03-10 19:02:02,          60,           0,        1023,           1,        -272,       22.50,           0,           0,       36.73,           0,   uW/m^2*Sr,
2010-03-10 19:02:18,          56,           0,        1023,           1,        -272,       22.50,           0,           0,       34.19,           0,   uW/m^2*Sr,
2010-03-10 19:02:24,          56,           1,        1023,           1,        -272,       22.50,           0,           0,       34.19,           0,   uW/m^2*Sr,
2010-03-10 19:02:31,          52,           1,        1023,           1,        -272,       22.50,           0,           0,       31.66,           0,   uW/m^2*Sr,
2010-03-10 19:02:42,          52,           1,        1023,           1,        -272,       22.50,           0,           0,       31.66,           0,   uW/m^2*Sr,
2010-03-10 19:02:56,          48,           1,        1023,           1,        -272,       22.50,           0,           0,       29.13,           0,   uW/m^2*Sr,
2010-03-10 19:03:02,          48,           1,        1023,           1,        -272,       22.50,           0,           0,       29.13,           0,   uW/m^2*Sr,
2010-03-10 19:03:12,          48,           1,        1023,           1,        -272,       22.50,           0,           0,       29.13,           0,   uW/m^2*Sr,
2010-03-10 19:03:25,          48,           1,        1023,           1,        -272,       22.50,           0,           0,       29.13,           0,   uW/m^2*Sr,
2010-03-10 19:03:28,          44,           1,        1023,           1,        -272,       22.50,           0,           0,       26.60,           0,   uW/m^2*Sr,
2010-03-10 19:03:43,          48,           1,        1023,           1,        -272,       22.50,           0,           0,       29.13,           0,   uW/m^2*Sr,
2010-03-10 19:03:47,          48,           1,        1023,           1,        -272,       22.50,           0,           0,       29.13,           0,   uW/m^2*Sr,
2010-03-10 19:03:54,          48,           1,        1023,           1,        -272,       22.50,           0,           0,       29.13,           0,   uW/m^2*Sr,
2010-03-10 19:04:08,          48,           1,        1023,           1,        -272,       22.50,           0,           0,       29.13,           0,   uW/m^2*Sr,
2010-03-10 19:04:23,          48,           1,        1023,           1,        -272,       22.50,           0,           0,       29.13,           0,   uW/m^2*Sr,
2010-03-10 19:04:26,          48,           1,        1023,           1,        -272,       22.50,           0,           0,       29.13,           0,   uW/m^2*Sr,
2010-03-10 19:04:34,          44,           1,        1023,           1,        -272,       22.50,           0,           0,       26.60,           0,   uW/m^2*Sr,
2010-03-10 19:04:44,          44,           1,        1023,           1,        -272,       22.50,           0,           0,       26.60,           0,   uW/m^2*Sr,
2010-03-10 19:04:52,          44,           1,        1023,           1,        -272,       22.50,           0,           0,       26.60,           0,   uW/m^2*Sr,
2010-03-10 19:05:07,          44,           1,        1023,           1,        -272,       22.50,           0,           0,       26.60,           0,   uW/m^2*Sr,
2010-03-10 19:05:12,          44,           1,        1023,           1,        -272,       22.50,           0,           0,       26.60,           0,   uW/m^2*Sr,
2010-03-10 19:05:21,          44,           1,        1023,           1,        -272,       22.50,           0,           0,       26.60,           0,   uW/m^2*Sr,
2010-03-10 19:05:36,          44,           1,        1023,           1,        -272,       22.50,           0,           0,       26.60,           0,   uW/m^2*Sr,
2010-03-10 19:05:44,          44,           1,        1023,           1,        -272,       22.50,           0,           0,       26.60,           0,   uW/m^2*Sr,
2010-03-10 19:05:56,          44,           1,        1023,           1,        -272,       22.50,           0,           0,       26.60,           0,   uW/m^2*Sr,
2010-03-10 19:05:58,          44,           1,        1023,           1,        -272,       22.50,           0,           0,       26.60,           0,   uW/m^2*Sr,
2010-03-10 19:06:12,          40,           1,        1023,           1,        -272,       22.50,           0,           0,       24.06,           0,   uW/m^2*Sr,
2010-03-10 19:06:19,          40,           1,        1023,           1,        -272,       22.50,           0,           0,       24.06,           0,   uW/m^2*Sr,
2010-03-10 19:06:35,          40,           1,        1023,           1,        -272,       22.50,           0,           0,       24.06,           0,   uW/m^2*Sr,
2010-03-10 19:06:43,          40,           1,        1023,           1,        -272,       22.50,           0,           0,       24.06,           0,   uW/m^2*Sr,
2010-03-10 19:06:52,          40,           1,        1023,           1,        -272,       22.50,           0,           0,       24.06,           0,   uW/m^2*Sr,
2010-03-10 19:06:59,          40,           1,        1023,           1,        -272,       22.50,           0,           0,       24.06,           0,   uW/m^2*Sr,
2010-03-10 19:07:08,          40,           1,        1023,           1,        -272,       22.50,           0,           0,       24.06,           0,   uW/m^2*Sr,
2010-03-10 19:07:22,          40,           1,        1023,           1,        -272,       22.50,           0,           0,       24.06,           0,   uW/m^2*Sr,
2010-03-10 19:07:29,          40,           1,        1023,           1,        -272,       22.50,           0,           0,       24.06,           0,   uW/m^2*Sr,
2010-03-10 19:07:39,          40,           1,        1023,           1,        -272,       22.50,           0,           0,       24.06,           0,   uW/m^2*Sr,
2010-03-10 19:07:48,          40,           1,        1023,           1,        -272,       22.50,           0,           0,       24.06,           0,   uW/m^2*Sr,
2010-03-10 19:07:53,          40,           1,        1023,           1,        -272,       22.50,           0,           0,       24.06,           0,   uW/m^2*Sr,
2010-03-10 19:08:04,          44,           1,        1023,           1,        -272,       22.50,           0,           0,       26.60,           0,   uW/m^2*Sr,
2010-03-10 19:08:14,          44,           1,        1023,           1,        -272,       22.50,           0,           0,       26.60,           0,   uW/m^2*Sr,
2010-03-10 19:08:28,          44,           1,        1023,           1,        -272,       22.50,           0,           0,       26.60,           0,   uW/m^2*Sr,
2010-03-10 19:08:33,          48,           2,        1023,           1,        -272,       22.50,           0,           0,       29.13,           0,   uW/m^2*Sr,
2010-03-10 19:11:46,          40,           1,        1023,           1,        -272,       22.50,           0,           0,       24.06,           0,   uW/m^2*Sr,
2010-03-10 19:12:25,          36,           1,        1023,           1,        -272,       22.50,           0,           0,       21.53,           0,   uW/m^2*Sr,
2010-03-10 19:12:35,          36,           1,        1023,           1,        -272,       22.50,           0,           0,       21.53,           0,   uW/m^2*Sr,
2010-03-10 19:12:38,          36,           1,        1023,           1,        -272,       22.50,           0,           0,       21.53,           0,   uW/m^2*Sr,
2010-03-10 19:12:56,          36,           1,        1023,           1,        -272,       22.50,           0,           0,       21.53,           0,   uW/m^2*Sr,
2010-03-10 19:13:07,          40,           1,        1023,           1,        -272,       22.50,           0,           0,       24.06,           0,   uW/m^2*Sr,
2010-03-10 19:15:47,          40,           1,        1023,           1,        -272,       22.50,           0,           0,       24.06,           0,   uW/m^2*Sr,
2010-03-10 19:16:11,          36,           1,        1023,           1,        -272,       22.50,           0,           0,       21.53,           0,   uW/m^2*Sr,
2010-03-10 19:16:25,          36,           1,        1023,           1,        -272,       22.50,           0,           0,       21.53,           0,   uW/m^2*Sr,
2010-03-10 19:16:34,          36,           1,        1023,           1,        -272,       22.50,           0,           0,       21.53,           0,   uW/m^2*Sr,
2010-03-10 19:16:40,          36,           1,        1023,           1,        -272,       22.50,           0,           0,       21.53,           0,   uW/m^2*Sr,
2010-03-10 19:17:01,          40,           1,        1023,           1,        -272,       22.50,           0,           0,       24.06,           0,   uW/m^2*Sr,
2010-03-10 19:17:17,          44,           1,        1023,           1,        -272,       22.50,           0,           0,       26.60,           0,   uW/m^2*Sr,
2010-03-10 19:17:31,          56,           1,        1023,           1,        -272,       22.50,           0,           0,       34.19,           0,   uW/m^2*Sr,
2010-03-10 19:17:48,          60,           1,        1023,           1,        -272,       22.50,           0,           0,       36.73,           0,   uW/m^2*Sr,
2010-03-10 19:17:52,          56,           1,        1023,           1,        -272,       22.50,           0,           0,       34.19,           0,   uW/m^2*Sr,
2010-03-10 19:18:05,          52,           1,        1023,           1,        -272,       22.50,           0,           0,       31.66,           0,   uW/m^2*Sr,
2010-03-10 19:18:11,          52,           1,        1023,           1,        -272,       22.50,           0,           0,       31.66,           0,   uW/m^2*Sr,
2010-03-10 19:18:26,          52,           1,        1023,           1,        -272,       22.50,           0,           0,       31.66,           0,   uW/m^2*Sr,
2010-03-10 19:18:35,          52,           1,        1023,           1,        -272,       22.50,           0,           0,       31.66,           0,   uW/m^2*Sr,
2010-03-10 19:18:43,          52,           1,        1023,           1,        -272,       22.50,           0,           0,       31.66,           0,   uW/m^2*Sr,
2010-03-10 19:18:49,          52,           1,        1023,           1,        -272,       22.50,           0,           0,       31.66,           0,   uW/m^2*Sr,
2010-03-10 19:19:03,          52,           1,        1023,           1,        -272,       22.50,           0,           0,       31.66,           0,   uW/m^2*Sr,
2010-03-10 19:19:14,          52,           1,        1023,           1,        -272,       22.50,           0,           0,       31.66,           0,   uW/m^2*Sr,
2010-03-10 19:19:18,          52,           1,        1023,           1,        -272,       22.50,           0,           0,       31.66,           0,   uW/m^2*Sr,
2010-03-10 19:19:35,          52,           1,        1023,           1,        -272,       22.50,           0,           0,       31.66,           0,   uW/m^2*Sr,
2010-03-10 19:19:42,          52,           1,        1023,           1,        -272,       22.50,           0,           0,       31.66,           0,   uW/m^2*Sr,
2010-03-10 19:19:46,          52,           1,        1023,           1,        -272,       22.50,           0,           0,       31.66,           0,   uW/m^2*Sr,
2010-03-10 19:20:01,          52,           1,        1023,           1,        -272,       22.50,           0,           0,       31.66,           0,   uW/m^2*Sr,
2010-03-10 19:20:12,          52,           1,        1023,           1,        -272,       22.50,           0,           0,       31.66,           0,   uW/m^2*Sr,
2010-03-10 19:20:19,          52,           1,        1023,           1,        -272,       22.50,           0,           0,       31.66,           0,   uW/m^2*Sr,
2010-03-10 19:20:29,          52,           1,        1023,           1,        -272,       22.50,           0,           0,       31.66,           0,   uW/m^2*Sr,
2010-03-10 19:20:35,          48,           1,        1023,           1,        -272,       22.50,           0,           0,       29.13,           0,   uW/m^2*Sr,
