SKC1 
UTC,PMT5577DN,PD1DN,PD2DN,PMTS,TMP,SETTMP,TEPWR,TEDIR,PMT5577rad,PD1rad,rad_units,
2010-03-10 16:43:35,           0,           0,        1023,           1,        -272,       22.50,           0,           0,       -1.27,           0,   uW/m^2*Sr,
2010-03-10 16:43:57,           0,           0,        1023,           1,        -272,       22.50,           0,           0,       -1.27,           0,   uW/m^2*Sr,
2010-03-10 16:44:10,           0,           0,        1023,           1,        -272,       22.50,           0,           0,       -1.27,           0,   uW/m^2*Sr,
2010-03-10 16:48:01,           0,           0,        1023,           1,        -272,       22.50,           0,           0,       -1.27,           0,   uW/m^2*Sr,
2010-03-10 16:49:46,           0,           0,        1023,           1,        -272,       22.50,           0,           0,       -1.27,           0,   uW/m^2*Sr,
2010-03-10 16:57:46,           0,           0,        1023,           1,        -272,       22.50,           0,           0,       -1.27,           0,   uW/m^2*Sr,
2010-03-10 16:59:02,           0,           0,        1023,           1,        -272,       22.50,           0,           0,       -1.27,           0,   uW/m^2*Sr,
2010-03-10 16:59:31,           0,           0,        1023,           1,        -272,       22.50,           0,           0,       -1.27,           0,   uW/m^2*Sr,
2010-03-10 17:02:16,           0,           0,        1023,           1,        -272,       22.50,           0,           0,       -1.27,           0,   uW/m^2*Sr,
2010-03-10 17:02:41,           0,           0,        1023,           1,        -272,       22.50,           0,           0,       -1.27,           0,   uW/m^2*Sr,
2010-03-10 17:02:56,           0,           0,        1023,           1,        -272,       22.50,           0,           0,       -1.27,           0,   uW/m^2*Sr,
2010-03-10 17:10:47,           0,           0,        1023,           1,        -272,       22.50,           0,           0,       -1.27,           0,   uW/m^2*Sr,
2010-03-10 17:10:56,           0,           0,        1023,           1,        -272,       22.50,           0,           0,       -1.27,           0,   uW/m^2*Sr,
2010-03-10 17:11:00,           0,           0,        1023,           1,        -272,       22.50,           0,           0,       -1.27,           0,   uW/m^2*Sr,
2010-03-10 17:11:17,           0,           0,        1023,           1,        -272,       22.50,           0,           0,       -1.27,           0,   uW/m^2*Sr,
2010-03-10 17:11:19,           0,           0,        1023,           1,        -272,       22.50,           0,           0,       -1.27,           0,   uW/m^2*Sr,
2010-03-10 17:11:35,           0,           0,        1023,           1,        -272,       22.50,           0,           0,       -1.27,           0,   uW/m^2*Sr,
2010-03-10 17:11:53,           0,           0,        1023,           1,        -272,       22.50,           0,           0,       -1.27,           0,   uW/m^2*Sr,
2010-03-10 17:12:04,           0,           0,        1023,           1,        -272,       22.50,           0,           0,       -1.27,           0,   uW/m^2*Sr,
2010-03-10 17:12:13,           0,           0,        1023,           1,        -272,       22.50,           0,           0,       -1.27,           0,   uW/m^2*Sr,
2010-03-10 17:12:26,           0,           0,        1023,           1,        -272,       22.50,           0,           0,       -1.27,           0,   uW/m^2*Sr,
2010-03-10 17:12:33,           0,           0,        1023,           1,        -272,       22.50,           0,           0,       -1.27,           0,   uW/m^2*Sr,
2010-03-10 17:12:40,           0,           0,        1023,           1,        -272,       22.50,           0,           0,       -1.27,           0,   uW/m^2*Sr,
2010-03-10 17:12:49,           0,           0,        1023,           1,        -272,       22.50,           0,           0,       -1.27,           0,   uW/m^2*Sr,
2010-03-10 17:12:59,           0,           0,        1023,           1,        -272,       22.50,           0,           0,       -1.27,           0,   uW/m^2*Sr,
2010-03-10 17:13:11,           0,           0,        1023,           1,        -272,       22.50,           0,           0,       -1.27,           0,   uW/m^2*Sr,
2010-03-10 17:13:16,           0,           0,        1023,           1,        -272,       22.50,           0,           0,       -1.27,           0,   uW/m^2*Sr,
2010-03-10 17:13:31,           0,           0,        1023,           1,        -272,       22.50,           0,           0,       -1.27,           0,   uW/m^2*Sr,
2010-03-10 17:15:33,           0,           0,        1023,           1,        -272,       22.50,           0,           0,       -1.27,           0,   uW/m^2*Sr,
2010-03-10 17:15:53,           0,           0,        1023,           1,        -272,       22.50,           0,           0,       -1.27,           0,   uW/m^2*Sr,
2010-03-10 17:16:04,           0,           0,        1023,           1,        -272,       22.50,           0,           0,       -1.27,           0,   uW/m^2*Sr,
2010-03-10 17:16:16,           0,           0,        1023,           1,        -272,       22.50,           0,           0,       -1.27,           0,   uW/m^2*Sr,
2010-03-10 17:16:34,           0,           0,        1023,           1,        -272,       22.50,           0,           0,       -1.27,           0,   uW/m^2*Sr,
2010-03-10 17:16:47,           0,           0,        1023,           1,        -272,       22.50,           0,           0,       -1.27,           0,   uW/m^2*Sr,
2010-03-10 17:17:10,           0,           0,        1023,           1,        -272,       22.50,           0,           0,       -1.27,           0,   uW/m^2*Sr,
2010-03-10 17:17:14,           0,           0,        1023,           1,        -272,       22.50,           0,           0,       -1.27,           0,   uW/m^2*Sr,
2010-03-10 17:17:27,           0,           0,        1023,           1,        -272,       22.50,           0,           0,       -1.27,           0,   uW/m^2*Sr,
2010-03-10 17:17:33,           0,           0,        1023,           1,        -272,       22.50,           0,           0,       -1.27,           0,   uW/m^2*Sr,
2010-03-10 17:17:45,           0,           0,        1023,           1,        -272,       22.50,           0,           0,       -1.27,           0,   uW/m^2*Sr,
2010-03-10 17:21:43,           0,           0,        1023,           1,        -272,       22.50,           0,           0,       -1.27,           0,   uW/m^2*Sr,
2010-03-10 17:22:04,           0,           0,        1023,           1,        -272,       22.50,           0,           0,       -1.27,           0,   uW/m^2*Sr,
2010-03-10 17:22:06,           0,           0,        1023,           1,        -272,       22.50,           0,           0,       -1.27,           0,   uW/m^2*Sr,
2010-03-10 17:22:21,           0,           0,        1023,           1,        -272,       22.50,           0,           0,       -1.27,           0,   uW/m^2*Sr,
2010-03-10 17:22:27,           0,           0,        1023,           1,        -272,       22.50,           0,           0,       -1.27,           0,   uW/m^2*Sr,
2010-03-10 17:22:43,           0,           0,        1023,           1,        -272,       22.50,           0,           0,       -1.27,           0,   uW/m^2*Sr,
2010-03-10 17:22:59,           0,           0,        1023,           1,        -272,       22.50,           0,           0,       -1.27,           0,   uW/m^2*Sr,
2010-03-10 17:23:14,           0,           0,        1023,           1,        -272,       22.50,           0,           0,       -1.27,           0,   uW/m^2*Sr,
2010-03-10 17:23:23,           0,           0,        1023,           1,        -272,       22.50,           0,           0,       -1.27,           0,   uW/m^2*Sr,
2010-03-10 17:23:48,           0,           0,        1023,           1,        -272,       22.50,           0,           0,       -1.27,           0,   uW/m^2*Sr,
2010-03-10 17:24:02,           0,           0,        1023,           1,        -272,       22.50,           0,           0,       -1.27,           0,   uW/m^2*Sr,
2010-03-10 17:24:03,           0,           0,        1023,           1,        -272,       22.50,           0,           0,       -1.27,           0,   uW/m^2*Sr,
2010-03-10 17:24:15,           0,           0,        1023,           1,        -272,       22.50,           0,           0,       -1.27,           0,   uW/m^2*Sr,
2010-03-10 17:24:24,           0,           0,        1023,           1,        -272,       22.50,           0,           0,       -1.27,           0,   uW/m^2*Sr,
2010-03-10 17:24:38,           0,           0,        1023,           1,        -272,       22.50,           0,           0,       -1.27,           0,   uW/m^2*Sr,
2010-03-10 17:24:44,           0,           0,        1023,           1,        -272,       22.50,           0,           0,       -1.27,           0,   uW/m^2*Sr,
2010-03-10 17:24:51,           0,           0,        1023,           1,        -272,       22.50,           0,           0,       -1.27,           0,   uW/m^2*Sr,
2010-03-10 17:24:59,           0,           0,        1023,           1,        -272,       22.50,           0,           0,       -1.27,           0,   uW/m^2*Sr,
2010-03-10 17:25:13,           0,           0,        1023,           1,        -272,       22.50,           0,           0,       -1.27,           0,   uW/m^2*Sr,
2010-03-10 17:25:22,           0,           0,        1023,           1,        -272,       22.50,           0,           0,       -1.27,           0,   uW/m^2*Sr,
2010-03-10 17:25:27,           0,           0,        1023,           1,        -272,       22.50,           0,           0,       -1.27,           0,   uW/m^2*Sr,
2010-03-10 17:25:43,           0,           0,        1023,           1,        -272,       22.50,           0,           0,       -1.27,           0,   uW/m^2*Sr,
2010-03-10 17:25:54,           0,           0,        1023,           1,        -272,       22.50,           0,           0,       -1.27,           0,   uW/m^2*Sr,
2010-03-10 17:26:02,           0,           0,        1023,           1,        -272,       22.50,           0,           0,       -1.27,           0,   uW/m^2*Sr,
2010-03-10 17:26:09,           0,           0,        1023,           1,        -272,       22.50,           0,           0,       -1.27,           0,   uW/m^2*Sr,
2010-03-10 17:26:15,           0,           0,        1023,           1,        -272,       22.50,           0,           0,       -1.27,           0,   uW/m^2*Sr,
2010-03-10 17:26:26,           0,           0,        1023,           1,        -272,       22.50,           0,           0,       -1.27,           0,   uW/m^2*Sr,
2010-03-10 17:26:43,           0,           0,        1023,           1,        -272,       22.50,           0,           0,       -1.27,           0,   uW/m^2*Sr,
2010-03-10 17:26:49,           0,           0,        1023,           1,        -272,       22.50,           0,           0,       -1.27,           0,   uW/m^2*Sr,
2010-03-10 17:26:59,           0,           0,        1023,           1,        -272,       22.50,           0,           0,       -1.27,           0,   uW/m^2*Sr,
2010-03-10 17:27:06,           0,           0,        1023,           1,        -272,       22.50,           0,           0,       -1.27,           0,   uW/m^2*Sr,
2010-03-10 17:27:19,           0,           0,        1023,           1,        -272,       22.50,           0,           0,       -1.27,           0,   uW/m^2*Sr,
2010-03-10 17:27:29,           0,           0,        1023,           1,        -272,       22.50,           0,           0,       -1.27,           0,   uW/m^2*Sr,
2010-03-10 17:27:40,           0,           0,        1023,           1,        -272,       22.50,           0,           0,       -1.27,           0,   uW/m^2*Sr,
2010-03-10 17:27:49,           0,           0,        1023,           1,        -272,       22.50,           0,           0,       -1.27,           0,   uW/m^2*Sr,
2010-03-10 17:27:54,           0,           0,        1023,           1,        -272,       22.50,           0,           0,       -1.27,           0,   uW/m^2*Sr,
2010-03-10 17:28:04,           0,           0,        1023,           1,        -272,       22.50,           0,           0,       -1.27,           0,   uW/m^2*Sr,
2010-03-10 17:28:15,           0,           0,        1023,           1,        -272,       22.50,           0,           0,       -1.27,           0,   uW/m^2*Sr,
2010-03-10 17:28:29,           0,           0,        1023,           1,        -272,       22.50,           0,           0,       -1.27,           0,   uW/m^2*Sr,
2010-03-10 17:28:34,           0,           0,        1023,           1,        -272,       22.50,           0,           0,       -1.27,           0,   uW/m^2*Sr,
2010-03-10 17:28:45,           0,           0,        1023,           1,        -272,       22.50,           0,           0,       -1.27,           0,   uW/m^2*Sr,
2010-03-10 17:28:50,           0,           0,        1023,           1,        -272,       22.50,           0,           0,       -1.27,           0,   uW/m^2*Sr,
2010-03-10 17:29:06,           0,           0,        1023,           1,        -272,       22.50,           0,           0,       -1.27,           0,   uW/m^2*Sr,
2010-03-10 17:29:14,           0,           0,        1023,           1,        -272,       22.50,           0,           0,       -1.27,           0,   uW/m^2*Sr,
2010-03-10 17:29:23,           0,           0,        1023,           1,        -272,       22.50,           0,           0,       -1.27,           0,   uW/m^2*Sr,
2010-03-10 17:29:36,           0,           0,        1023,           1,        -272,       22.50,           0,           0,       -1.27,           0,   uW/m^2*Sr,
2010-03-10 17:29:46,           0,           0,        1023,           1,        -272,       22.50,           0,           0,       -1.27,           0,   uW/m^2*Sr,
2010-03-10 17:29:53,           0,           0,        1023,           1,        -272,       22.50,           0,           0,       -1.27,           0,   uW/m^2*Sr,
2010-03-10 17:30:00,           0,           0,        1023,           1,        -272,       22.50,           0,           0,       -1.27,           0,   uW/m^2*Sr,
2010-03-10 17:30:11,           0,           0,        1023,           1,        -272,       22.50,           0,           0,       -1.27,           0,   uW/m^2*Sr,
2010-03-10 17:30:24,           0,           0,        1023,           1,        -272,       22.50,           0,           0,       -1.27,           0,   uW/m^2*Sr,
2010-03-10 17:30:26,           0,           0,        1023,           1,        -272,       22.50,           0,           0,       -1.27,           0,   uW/m^2*Sr,
2010-03-10 17:30:35,           0,           0,        1023,           1,        -272,       22.50,           0,           0,       -1.27,           0,   uW/m^2*Sr,
2010-03-10 17:30:48,           0,           0,        1023,           1,        -272,       22.50,           0,           0,       -1.27,           0,   uW/m^2*Sr,
2010-03-10 17:31:01,           0,           0,        1023,           1,        -272,       22.50,           0,           0,       -1.27,           0,   uW/m^2*Sr,
2010-03-10 17:31:13,           0,           0,        1023,           1,        -272,       22.50,           0,           0,       -1.27,           0,   uW/m^2*Sr,
2010-03-10 17:31:20,           0,           0,        1023,           1,        -272,       22.50,           0,           0,       -1.27,           0,   uW/m^2*Sr,
2010-03-10 17:31:28,           0,           0,        1023,           1,        -272,       22.50,           0,           0,       -1.27,           0,   uW/m^2*Sr,
2010-03-10 18:06:31,           0,           0,        1023,           1,        -272,       22.50,           0,           0,       -1.27,           0,   uW/m^2*Sr,
2010-03-10 18:08:13,           0,           0,        1023,           1,        -272,       22.50,           0,           0,       -1.27,           0,   uW/m^2*Sr,
2010-03-10 18:08:58,           0,           0,        1023,           1,        -272,       22.50,           0,           0,       -1.27,           0,   uW/m^2*Sr,
2010-03-10 18:09:02,           0,           0,        1023,           1,        -272,       22.50,           0,           0,       -1.27,           0,   uW/m^2*Sr,
2010-03-10 18:09:17,           0,           0,        1023,           1,        -272,       22.50,           0,           0,       -1.27,           0,   uW/m^2*Sr,
2010-03-10 18:09:22,           0,           0,        1023,           1,        -272,       22.50,           0,           0,       -1.27,           0,   uW/m^2*Sr,
2010-03-10 18:09:51,           0,           0,        1023,           1,        -272,       22.50,           0,           0,       -1.27,           0,   uW/m^2*Sr,
2010-03-10 18:10:57,           0,           0,        1023,           1,        -272,       22.50,           0,           0,       -1.27,           0,   uW/m^2*Sr,
2010-03-10 18:11:24,           0,           0,        1023,           1,        -272,       22.50,           0,           0,       -1.27,           0,   uW/m^2*Sr,
2010-03-10 18:11:35,           0,           0,        1023,           1,        -272,       22.50,           0,           0,       -1.27,           0,   uW/m^2*Sr,
2010-03-10 18:11:47,           0,           0,        1023,           1,        -272,       22.50,           0,           0,       -1.27,           0,   uW/m^2*Sr,
2010-03-10 18:11:58,           0,           0,        1023,           1,        -272,       22.50,           0,           0,       -1.27,           0,   uW/m^2*Sr,
2010-03-10 18:12:07,           0,           0,        1023,           1,        -272,       22.50,           0,           0,       -1.27,           0,   uW/m^2*Sr,
2010-03-10 18:12:35,           0,           0,        1023,           1,        -272,       22.50,           0,           0,       -1.27,           0,   uW/m^2*Sr,
2010-03-10 18:12:52,           0,           0,        1023,           1,        -272,       22.50,           0,           0,       -1.27,           0,   uW/m^2*Sr,
2010-03-10 18:12:56,           0,           0,        1023,           1,        -272,       22.50,           0,           0,       -1.27,           0,   uW/m^2*Sr,
2010-03-10 18:13:08,           0,           0,        1023,           1,        -272,       22.50,           0,           0,       -1.27,           0,   uW/m^2*Sr,
2010-03-10 18:13:20,           0,           0,        1023,           1,        -272,       22.50,           0,           0,       -1.27,           0,   uW/m^2*Sr,
2010-03-10 18:13:22,           0,           0,        1023,           1,        -272,       22.50,           0,           0,       -1.27,           0,   uW/m^2*Sr,
2010-03-10 18:13:37,           0,           0,        1023,           1,        -272,       22.50,           0,           0,       -1.27,           0,   uW/m^2*Sr,
2010-03-10 18:13:48,           0,           0,        1023,           1,        -272,       22.50,           0,           0,       -1.27,           0,   uW/m^2*Sr,
2010-03-10 18:13:58,           0,           0,        1023,           1,        -272,       22.50,           0,           0,       -1.27,           0,   uW/m^2*Sr,
2010-03-10 18:14:03,           0,           0,        1023,           1,        -272,       22.50,           0,           0,       -1.27,           0,   uW/m^2*Sr,
2010-03-10 18:14:11,           0,           0,        1023,           1,        -272,       22.50,           0,           0,       -1.27,           0,   uW/m^2*Sr,
2010-03-10 18:14:18,           0,           0,        1023,           1,        -272,       22.50,           0,           0,       -1.27,           0,   uW/m^2*Sr,
2010-03-10 18:14:35,           0,           0,        1023,           1,        -272,       22.50,           0,           0,       -1.27,           0,   uW/m^2*Sr,
2010-03-10 18:14:40,           0,           0,        1023,           1,        -272,       22.50,           0,           0,       -1.27,           0,   uW/m^2*Sr,
2010-03-10 18:14:48,           0,           0,        1023,           1,        -272,       22.50,           0,           0,       -1.27,           0,   uW/m^2*Sr,
2010-03-10 18:14:59,           0,           0,        1023,           1,        -272,       22.50,           0,           0,       -1.27,           0,   uW/m^2*Sr,
2010-03-10 18:15:10,           0,           0,        1023,           1,        -272,       22.50,           0,           0,       -1.27,           0,   uW/m^2*Sr,
2010-03-10 18:15:22,           0,           0,        1023,           1,        -272,       22.50,           0,           0,       -1.27,           0,   uW/m^2*Sr,
2010-03-10 18:15:27,           0,           0,        1023,           1,        -272,       22.50,           0,           0,       -1.27,           0,   uW/m^2*Sr,
2010-03-10 18:15:43,           0,           0,        1023,           1,        -272,       22.50,           0,           0,       -1.27,           0,   uW/m^2*Sr,
2010-03-10 18:15:53,           0,           0,        1023,           1,        -272,       22.50,           0,           0,       -1.27,           0,   uW/m^2*Sr,
2010-03-10 18:15:57,           0,           0,        1023,           1,        -272,       22.50,           0,           0,       -1.27,           0,   uW/m^2*Sr,
2010-03-10 18:16:04,           0,           0,        1023,           1,        -272,       22.50,           0,           0,       -1.27,           0,   uW/m^2*Sr,
2010-03-10 18:16:19,           0,           0,        1023,           1,        -272,       22.50,           0,           0,       -1.27,           0,   uW/m^2*Sr,
2010-03-10 18:16:22,           0,           0,        1023,           1,        -272,       22.50,           0,           0,       -1.27,           0,   uW/m^2*Sr,
2010-03-10 18:16:39,           0,           0,        1023,           1,        -272,       22.50,           0,           0,       -1.27,           0,   uW/m^2*Sr,
2010-03-10 18:16:47,           0,           0,        1023,           1,        -272,       22.50,           0,           0,       -1.27,           0,   uW/m^2*Sr,
2010-03-10 18:17:00,           0,           0,        1023,           1,        -272,       22.50,           0,           0,       -1.27,           0,   uW/m^2*Sr,
2010-03-10 18:17:03,           0,           0,        1023,           1,        -272,       22.50,           0,           0,       -1.27,           0,   uW/m^2*Sr,
2010-03-10 18:17:18,           0,           0,        1023,           1,        -272,       22.50,           0,           0,       -1.27,           0,   uW/m^2*Sr,
2010-03-10 18:17:21,           0,           0,        1023,           1,        -272,       22.50,           0,           0,       -1.27,           0,   uW/m^2*Sr,
2010-03-10 18:17:33,           0,           0,        1023,           1,        -272,       22.50,           0,           0,       -1.27,           0,   uW/m^2*Sr,
2010-03-10 18:17:43,           0,           0,        1023,           1,        -272,       22.50,           0,           0,       -1.27,           0,   uW/m^2*Sr,
2010-03-10 18:17:53,           0,           0,        1023,           1,        -272,       22.50,           0,           0,       -1.27,           0,   uW/m^2*Sr,
2010-03-10 18:18:04,           0,           0,        1023,           1,        -272,       22.50,           0,           0,       -1.27,           0,   uW/m^2*Sr,
2010-03-10 18:18:11,           0,           0,        1023,           1,        -272,       22.50,           0,           0,       -1.27,           0,   uW/m^2*Sr,
2010-03-10 18:18:26,           0,           0,        1023,           1,        -272,       22.50,           0,           0,       -1.27,           0,   uW/m^2*Sr,
2010-03-10 18:18:35,           0,           0,        1023,           1,        -272,       22.50,           0,           0,       -1.27,           0,   uW/m^2*Sr,
2010-03-10 18:18:41,           0,           0,        1023,           1,        -272,       22.50,           0,           0,       -1.27,           0,   uW/m^2*Sr,
2010-03-10 18:18:48,           0,           0,        1023,           1,        -272,       22.50,           0,           0,       -1.27,           0,   uW/m^2*Sr,
2010-03-10 18:18:56,           0,           0,        1023,           1,        -272,       22.50,           0,           0,       -1.27,           0,   uW/m^2*Sr,
2010-03-10 18:19:11,           0,           0,        1023,           1,        -272,       22.50,           0,           0,       -1.27,           0,   uW/m^2*Sr,
2010-03-10 18:19:17,           0,           0,        1023,           1,        -272,       22.50,           0,           0,       -1.27,           0,   uW/m^2*Sr,
2010-03-10 18:19:32,           0,           0,        1023,           1,        -272,       22.50,           0,           0,       -1.27,           0,   uW/m^2*Sr,
2010-03-10 18:19:34,           0,           0,        1023,           1,        -272,       22.50,           0,           0,       -1.27,           0,   uW/m^2*Sr,
2010-03-10 18:19:48,           0,           0,        1023,           1,        -272,       22.50,           0,           0,       -1.27,           0,   uW/m^2*Sr,
2010-03-10 18:19:58,           0,           0,        1023,           1,        -272,       22.50,           0,           0,       -1.27,           0,   uW/m^2*Sr,
2010-03-10 18:20:08,           0,           0,        1023,           1,        -272,       22.50,           0,           0,       -1.27,           0,   uW/m^2*Sr,
2010-03-10 18:20:20,           0,           0,        1023,           1,        -272,       22.50,           0,           0,       -1.27,           0,   uW/m^2*Sr,
2010-03-10 18:20:26,           0,           0,        1023,           1,        -272,       22.50,           0,           0,       -1.27,           0,   uW/m^2*Sr,
2010-03-10 18:20:40,           0,           0,        1023,           1,        -272,       22.50,           0,           0,       -1.27,           0,   uW/m^2*Sr,
2010-03-10 18:20:41,           0,           0,        1023,           1,        -272,       22.50,           0,           0,       -1.27,           0,   uW/m^2*Sr,
2010-03-10 18:20:56,           0,           0,        1023,           1,        -272,       22.50,           0,           0,       -1.27,           0,   uW/m^2*Sr,
2010-03-10 18:21:08,           0,           0,        1023,           1,        -272,       22.50,           0,           0,       -1.27,           0,   uW/m^2*Sr,
2010-03-10 18:21:32,           0,           0,        1023,           1,        -272,       22.50,           0,           0,       -1.27,           0,   uW/m^2*Sr,
2010-03-10 18:21:45,           0,           0,        1023,           1,        -272,       22.50,           0,           0,       -1.27,           0,   uW/m^2*Sr,
2010-03-10 18:21:54,           0,           0,        1023,           1,        -272,       22.50,           0,           0,       -1.27,           0,   uW/m^2*Sr,
2010-03-10 18:22:10,           0,           0,        1023,           1,        -272,       22.50,           0,           0,       -1.27,           0,   uW/m^2*Sr,
2010-03-10 18:22:15,           0,           0,        1023,           1,        -272,       22.50,           0,           0,       -1.27,           0,   uW/m^2*Sr,
2010-03-10 18:22:29,           0,           0,        1023,           1,        -272,       22.50,           0,           0,       -1.27,           0,   uW/m^2*Sr,
2010-03-10 18:22:36,           0,           0,        1023,           1,        -272,       22.50,           0,           0,       -1.27,           0,   uW/m^2*Sr,
2010-03-10 18:22:48,           0,           0,        1023,           1,        -272,       22.50,           0,           0,       -1.27,           0,   uW/m^2*Sr,
2010-03-10 18:22:52,           0,           0,        1023,           1,        -272,       22.50,           0,           0,       -1.27,           0,   uW/m^2*Sr,
2010-03-10 18:23:09,           0,           0,        1023,           1,        -272,       22.50,           0,           0,       -1.27,           0,   uW/m^2*Sr,
2010-03-10 18:23:10,           0,           0,        1023,           1,        -272,       22.50,           0,           0,       -1.27,           0,   uW/m^2*Sr,
2010-03-10 18:23:25,           0,           0,        1023,           1,        -272,       22.50,           0,           0,       -1.27,           0,   uW/m^2*Sr,
2010-03-10 18:23:38,           0,           0,        1023,           1,        -272,       22.50,           0,           0,       -1.27,           0,   uW/m^2*Sr,
2010-03-10 18:23:47,           0,           0,        1023,           1,        -272,       22.50,           0,           0,       -1.27,           0,   uW/m^2*Sr,
2010-03-10 18:23:49,           0,           0,        1023,           1,        -272,       22.50,           0,           0,       -1.27,           0,   uW/m^2*Sr,
2010-03-10 18:24:04,           0,           0,        1023,           1,        -272,       22.50,           0,           0,       -1.27,           0,   uW/m^2*Sr,
2010-03-10 18:24:07,           0,           0,        1023,           1,        -272,       22.50,           0,           0,       -1.27,           0,   uW/m^2*Sr,
2010-03-10 18:24:25,           0,           0,        1023,           1,        -272,       22.50,           0,           0,       -1.27,           0,   uW/m^2*Sr,
2010-03-10 18:24:28,           0,           0,        1023,           1,        -272,       22.50,           0,           0,       -1.27,           0,   uW/m^2*Sr,
2010-03-10 18:24:36,           0,           0,        1023,           1,        -272,       22.50,           0,           0,       -1.27,           0,   uW/m^2*Sr,
2010-03-10 18:24:54,           0,           0,        1023,           1,        -272,       22.50,           0,           0,       -1.27,           0,   uW/m^2*Sr,
2010-03-10 18:24:57,           0,           0,        1023,           1,        -272,       22.50,           0,           0,       -1.27,           0,   uW/m^2*Sr,
2010-03-10 18:25:07,           0,           0,        1023,           1,        -272,       22.50,           0,           0,       -1.27,           0,   uW/m^2*Sr,
2010-03-10 18:25:22,           0,           0,        1023,           1,        -272,       22.50,           0,           0,       -1.27,           0,   uW/m^2*Sr,
2010-03-10 18:25:31,           0,           0,        1023,           1,        -272,       22.50,           0,           0,       -1.27,           0,   uW/m^2*Sr,
2010-03-10 18:25:36,           0,           0,        1023,           1,        -272,       22.50,           0,           0,       -1.27,           0,   uW/m^2*Sr,
2010-03-10 18:25:50,           0,           0,        1023,           1,        -272,       22.50,           0,           0,       -1.27,           0,   uW/m^2*Sr,
2010-03-10 18:25:53,           0,           0,        1023,           1,        -272,       22.50,           0,           0,       -1.27,           0,   uW/m^2*Sr,
2010-03-10 18:26:05,           0,           0,        1023,           1,        -272,       22.50,           0,           0,       -1.27,           0,   uW/m^2*Sr,
2010-03-10 18:26:18,           0,           0,        1023,           1,        -272,       22.50,           0,           0,       -1.27,           0,   uW/m^2*Sr,
2010-03-10 18:26:23,           0,           0,        1023,           1,        -272,       22.50,           0,           0,       -1.27,           0,   uW/m^2*Sr,
2010-03-10 18:26:32,           0,           0,        1023,           1,        -272,       22.50,           0,           0,       -1.27,           0,   uW/m^2*Sr,
2010-03-10 18:26:40,           0,           0,        1023,           1,        -272,       22.50,           0,           0,       -1.27,           0,   uW/m^2*Sr,
2010-03-10 18:26:56,           0,           0,        1023,           1,        -272,       22.50,           0,           0,       -1.27,           0,   uW/m^2*Sr,
2010-03-10 18:27:00,           0,           0,        1023,           1,        -272,       22.50,           0,           0,       -1.27,           0,   uW/m^2*Sr,
2010-03-10 18:27:14,           0,           0,        1023,           1,        -272,       22.50,           0,           0,       -1.27,           0,   uW/m^2*Sr,
2010-03-10 18:27:23,           0,           0,        1023,           1,        -272,       22.50,           0,           0,       -1.27,           0,   uW/m^2*Sr,
2010-03-10 18:27:29,           0,           0,        1023,           1,        -272,       22.50,           0,           0,       -1.27,           0,   uW/m^2*Sr,
2010-03-10 18:27:42,           0,           0,        1023,           1,        -272,       22.50,           0,           0,       -1.27,           0,   uW/m^2*Sr,
2010-03-10 18:27:47,           0,           0,        1023,           1,        -272,       22.50,           0,           0,       -1.27,           0,   uW/m^2*Sr,
2010-03-10 18:27:55,           0,           0,        1023,           1,        -272,       22.50,           0,           0,       -1.27,           0,   uW/m^2*Sr,
2010-03-10 18:28:11,           0,           0,        1023,           1,        -272,       22.50,           0,           0,       -1.27,           0,   uW/m^2*Sr,
2010-03-10 18:28:19,           0,           0,        1023,           1,        -272,       22.50,           0,           0,       -1.27,           0,   uW/m^2*Sr,
2010-03-10 18:28:25,           0,           0,        1023,           1,        -272,       22.50,           0,           0,       -1.27,           0,   uW/m^2*Sr,
2010-03-10 18:28:39,           0,           0,        1023,           1,        -272,       22.50,           0,           0,       -1.27,           0,   uW/m^2*Sr,
2010-03-10 18:28:50,           0,           0,        1023,           1,        -272,       22.50,           0,           0,       -1.27,           0,   uW/m^2*Sr,
2010-03-10 18:28:59,           0,           0,        1023,           1,        -272,       22.50,           0,           0,       -1.27,           0,   uW/m^2*Sr,
2010-03-10 18:29:04,           0,           0,        1023,           1,        -272,       22.50,           0,           0,       -1.27,           0,   uW/m^2*Sr,
2010-03-10 18:29:15,           0,           0,        1023,           1,        -272,       22.50,           0,           0,       -1.27,           0,   uW/m^2*Sr,
2010-03-10 18:29:25,           0,           0,        1023,           1,        -272,       22.50,           0,           0,       -1.27,           0,   uW/m^2*Sr,
2010-03-10 18:29:36,           0,           0,        1023,           1,        -272,       22.50,           0,           0,       -1.27,           0,   uW/m^2*Sr,
2010-03-10 18:29:44,           0,           0,        1023,           1,        -272,       22.50,           0,           0,       -1.27,           0,   uW/m^2*Sr,
2010-03-10 18:29:54,           0,           0,        1023,           1,        -272,       22.50,           0,           0,       -1.27,           0,   uW/m^2*Sr,
2010-03-10 18:30:06,           0,           0,        1023,           1,        -272,       22.50,           0,           0,       -1.27,           0,   uW/m^2*Sr,
2010-03-10 18:30:15,           0,           0,        1023,           1,        -272,       22.50,           0,           0,       -1.27,           0,   uW/m^2*Sr,
2010-03-10 18:30:24,           0,           0,        1023,           1,        -272,       22.50,           0,           0,       -1.27,           0,   uW/m^2*Sr,
2010-03-10 18:30:34,           0,           0,        1023,           1,        -272,       22.50,           0,           0,       -1.27,           0,   uW/m^2*Sr,
2010-03-10 18:30:46,           0,           0,        1023,           1,        -272,       22.50,           0,           0,       -1.27,           0,   uW/m^2*Sr,
2010-03-10 18:30:54,           0,           0,        1023,           1,        -272,       22.50,           0,           0,       -1.27,           0,   uW/m^2*Sr,
2010-03-10 18:30:59,           0,           0,        1023,           1,        -272,       22.50,           0,           0,       -1.27,           0,   uW/m^2*Sr,
2010-03-10 18:31:07,           0,           0,        1023,           1,        -272,       22.50,           0,           0,       -1.27,           0,   uW/m^2*Sr,
2010-03-10 18:31:23,           0,           0,        1023,           1,        -272,       22.50,           0,           0,       -1.27,           0,   uW/m^2*Sr,
2010-03-10 18:31:28,           0,           0,        1023,           1,        -272,       22.50,           0,           0,       -1.27,           0,   uW/m^2*Sr,
2010-03-10 18:31:38,           0,           0,        1023,           1,        -272,       22.50,           0,           0,       -1.27,           0,   uW/m^2*Sr,
2010-03-10 18:31:45,           0,           0,        1023,           1,        -272,       22.50,           0,           0,       -1.27,           0,   uW/m^2*Sr,
2010-03-10 18:31:53,           0,           0,        1023,           1,        -272,       22.50,           0,           0,       -1.27,           0,   uW/m^2*Sr,
2010-03-10 18:32:05,           0,           0,        1023,           1,        -272,       22.50,           0,           0,       -1.27,           0,   uW/m^2*Sr,
2010-03-10 18:32:19,           0,           0,        1023,           1,        -272,       22.50,           0,           0,       -1.27,           0,   uW/m^2*Sr,
2010-03-10 18:32:21,           0,           0,        1023,           1,        -272,       22.50,           0,           0,       -1.27,           0,   uW/m^2*Sr,
2010-03-10 18:32:39,           0,           0,        1023,           1,        -272,       22.50,           0,           0,       -1.27,           0,   uW/m^2*Sr,
2010-03-10 18:32:47,           0,           0,        1023,           1,        -272,       22.50,           0,           0,       -1.27,           0,   uW/m^2*Sr,
2010-03-10 18:32:54,           0,           0,        1023,           1,        -272,       22.50,           0,           0,       -1.27,           0,   uW/m^2*Sr,
2010-03-10 18:33:04,           0,           0,        1023,           1,        -272,       22.50,           0,           0,       -1.27,           0,   uW/m^2*Sr,
2010-03-10 18:33:16,           0,           0,        1023,           1,        -272,       22.50,           0,           0,       -1.27,           0,   uW/m^2*Sr,
2010-03-10 18:33:21,           0,           0,        1023,           1,        -272,       22.50,           0,           0,       -1.27,           0,   uW/m^2*Sr,
2010-03-10 18:33:31,           0,           0,        1023,           1,        -272,       22.50,           0,           0,       -1.27,           0,   uW/m^2*Sr,
2010-03-10 18:33:43,           0,           0,        1023,           1,        -272,       22.50,           0,           0,       -1.27,           0,   uW/m^2*Sr,
2010-03-10 18:33:48,           0,           0,        1023,           1,        -272,       22.50,           0,           0,       -1.27,           0,   uW/m^2*Sr,
2010-03-10 18:34:00,           0,           0,        1023,           1,        -272,       22.50,           0,           0,       -1.27,           0,   uW/m^2*Sr,
2010-03-10 18:34:08,           0,           0,        1023,           1,        -272,       22.50,           0,           0,       -1.27,           0,   uW/m^2*Sr,
2010-03-10 18:34:19,           0,           0,        1023,           1,        -272,       22.50,           0,           0,       -1.27,           0,   uW/m^2*Sr,
2010-03-10 18:34:32,           0,           0,        1023,           1,        -272,       22.50,           0,           0,       -1.27,           0,   uW/m^2*Sr,
2010-03-10 18:34:34,           0,           0,        1023,           1,        -272,       22.50,           0,           0,       -1.27,           0,   uW/m^2*Sr,
2010-03-10 18:34:48,           0,           0,        1023,           1,        -272,       22.50,           0,           0,       -1.27,           0,   uW/m^2*Sr,
2010-03-10 18:34:55,           0,           0,        1023,           1,        -272,       22.50,           0,           0,       -1.27,           0,   uW/m^2*Sr,
2010-03-10 18:35:05,           0,           0,        1023,           1,        -272,       22.50,           0,           0,       -1.27,           0,   uW/m^2*Sr,
2010-03-10 18:35:17,           0,           0,        1023,           1,        -272,       22.50,           0,           0,       -1.27,           0,   uW/m^2*Sr,
2010-03-10 18:35:30,           0,           0,        1023,           1,        -272,       22.50,           0,           0,       -1.27,           0,   uW/m^2*Sr,
2010-03-10 18:35:36,           0,           0,        1023,           1,        -272,       22.50,           0,           0,       -1.27,           0,   uW/m^2*Sr,
2010-03-10 18:35:40,           0,           0,        1023,           1,        -272,       22.50,           0,           0,       -1.27,           0,   uW/m^2*Sr,
2010-03-10 18:35:51,           0,           0,        1023,           1,        -272,       22.50,           0,           0,       -1.27,           0,   uW/m^2*Sr,
2010-03-10 18:36:02,           0,           0,        1023,           1,        -272,       22.50,           0,           0,       -1.27,           0,   uW/m^2*Sr,
2010-03-10 18:36:14,           0,           0,        1023,           1,        -272,       22.50,           0,           0,       -1.27,           0,   uW/m^2*Sr,
2010-03-10 18:36:19,           0,           0,        1023,           1,        -272,       22.50,           0,           0,       -1.27,           0,   uW/m^2*Sr,
2010-03-10 18:36:35,           0,           0,        1023,           1,        -272,       22.50,           0,           0,       -1.27,           0,   uW/m^2*Sr,
2010-03-10 18:36:40,           0,           0,        1023,           1,        -272,       22.50,           0,           0,       -1.27,           0,   uW/m^2*Sr,
2010-03-10 18:36:48,           0,           0,        1023,           1,        -272,       22.50,           0,           0,       -1.27,           0,   uW/m^2*Sr,
2010-03-10 18:37:02,           0,           0,        1023,           1,        -272,       22.50,           0,           0,       -1.27,           0,   uW/m^2*Sr,
2010-03-10 18:37:10,           0,           0,        1023,           1,        -272,       22.50,           0,           0,       -1.27,           0,   uW/m^2*Sr,
2010-03-10 18:37:20,           0,           0,        1023,           1,        -272,       22.50,           0,           0,       -1.27,           0,   uW/m^2*Sr,
2010-03-10 18:37:32,           0,           0,        1023,           1,        -272,       22.50,           0,           0,       -1.27,           0,   uW/m^2*Sr,
2010-03-10 18:37:44,           0,           0,        1023,           1,        -272,       22.50,           0,           0,       -1.27,           0,   uW/m^2*Sr,
2010-03-10 18:37:46,           0,           0,        1023,           1,        -272,       22.50,           0,           0,       -1.27,           0,   uW/m^2*Sr,
2010-03-10 18:37:59,           0,           0,        1023,           1,        -272,       22.50,           0,           0,       -1.27,           0,   uW/m^2*Sr,
2010-03-10 18:38:07,           0,           0,        1023,           1,        -272,       22.50,           0,           0,       -1.27,           0,   uW/m^2*Sr,
2010-03-10 18:38:17,           0,           0,        1023,           1,        -272,       22.50,           0,           0,       -1.27,           0,   uW/m^2*Sr,
2010-03-10 18:38:30,           0,           0,        1023,           1,        -272,       22.50,           0,           0,       -1.27,           0,   uW/m^2*Sr,
2010-03-10 18:38:34,           0,           0,        1023,           1,        -272,       22.50,           0,           0,       -1.27,           0,   uW/m^2*Sr,
2010-03-10 18:38:44,           0,           0,        1023,           1,        -272,       22.50,           0,           0,       -1.27,           0,   uW/m^2*Sr,
2010-03-10 18:38:53,           0,           0,        1023,           1,        -272,       22.50,           0,           0,       -1.27,           0,   uW/m^2*Sr,
2010-03-10 18:39:00,           0,           0,        1023,           1,        -272,       22.50,           0,           0,       -1.27,           0,   uW/m^2*Sr,
2010-03-10 18:39:11,           0,           0,        1023,           1,        -272,       22.50,           0,           0,       -1.27,           0,   uW/m^2*Sr,
2010-03-10 18:39:24,           0,           0,        1023,           1,        -272,       22.50,           0,           0,       -1.27,           0,   uW/m^2*Sr,
2010-03-10 18:39:38,           0,           0,        1023,           1,        -272,       22.50,           0,           0,       -1.27,           0,   uW/m^2*Sr,
2010-03-10 18:39:39,           0,           0,        1023,           1,        -272,       22.50,           0,           0,       -1.27,           0,   uW/m^2*Sr,
2010-03-10 18:39:56,           0,           0,        1023,           1,        -272,       22.50,           0,           0,       -1.27,           0,   uW/m^2*Sr,
2010-03-10 18:39:59,           0,           0,        1023,           1,        -272,       22.50,           0,           0,       -1.27,           0,   uW/m^2*Sr,
2010-03-10 18:40:07,           0,           0,        1023,           1,        -272,       22.50,           0,           0,       -1.27,           0,   uW/m^2*Sr,
2010-03-10 18:40:16,           0,           0,        1023,           1,        -272,       22.50,           0,           0,       -1.27,           0,   uW/m^2*Sr,
2010-03-10 18:40:25,           0,           0,        1023,           1,        -272,       22.50,           0,           0,       -1.27,           0,   uW/m^2*Sr,
2010-03-10 18:40:37,           0,           0,        1023,           1,        -272,       22.50,           0,           0,       -1.27,           0,   uW/m^2*Sr,
2010-03-10 18:40:46,           0,           0,        1023,           1,        -272,       22.50,           0,           0,       -1.27,           0,   uW/m^2*Sr,
2010-03-10 18:41:10,           0,           0,        1023,           1,        -272,       22.50,           0,           0,       -1.27,           0,   uW/m^2*Sr,
2010-03-10 18:41:12,           0,           0,        1023,           1,        -272,       22.50,           0,           0,       -1.27,           0,   uW/m^2*Sr,
2010-03-10 18:41:42,           0,           0,        1023,           1,        -272,       22.50,           0,           0,       -1.27,           0,   uW/m^2*Sr,
2010-03-10 18:42:27,           0,           0,        1023,           1,        -272,       22.50,           0,           0,       -1.27,           0,   uW/m^2*Sr,
2010-03-10 18:42:46,           0,           0,        1023,           1,        -272,       22.50,           0,           0,       -1.27,           0,   uW/m^2*Sr,
2010-03-10 18:43:18,           0,           0,        1023,           1,        -272,       22.50,           0,           0,       -1.27,           0,   uW/m^2*Sr,
2010-03-10 18:43:24,           0,           0,        1023,           1,        -272,       22.50,           0,           0,       -1.27,           0,   uW/m^2*Sr,
2010-03-10 18:43:48,           0,           0,        1023,           1,        -272,       22.50,           0,           0,       -1.27,           0,   uW/m^2*Sr,
2010-03-10 18:44:20,           0,           0,        1023,           1,        -272,       22.50,           0,           0,       -1.27,           0,   uW/m^2*Sr,
2010-03-10 18:44:46,           0,           0,        1023,           1,        -272,       22.50,           0,           0,       -1.27,           0,   uW/m^2*Sr,
2010-03-10 18:44:55,           0,           0,        1023,           1,        -272,       22.50,           0,           0,       -1.27,           0,   uW/m^2*Sr,
2010-03-10 18:45:24,           0,           0,        1023,           1,        -272,       22.50,           0,           0,       -1.27,           0,   uW/m^2*Sr,
2010-03-10 18:45:48,           0,           0,        1023,           1,        -272,       22.50,           0,           0,       -1.27,           0,   uW/m^2*Sr,
2010-03-10 18:45:50,           0,           0,        1023,           1,        -272,       22.50,           0,           0,       -1.27,           0,   uW/m^2*Sr,
2010-03-10 18:46:09,           0,           0,        1023,           1,        -272,       22.50,           0,           0,       -1.27,           0,   uW/m^2*Sr,
2010-03-10 18:46:52,           0,           0,        1023,           1,        -272,       22.50,           0,           0,       -1.27,           0,   uW/m^2*Sr,
2010-03-10 18:47:14,           0,           0,        1023,           1,        -272,       22.50,           0,           0,       -1.27,           0,   uW/m^2*Sr,
2010-03-10 18:47:15,           0,           0,        1023,           1,        -272,       22.50,           0,           0,       -1.27,           0,   uW/m^2*Sr,
2010-03-10 18:47:41,           0,           0,        1023,           1,        -272,       22.50,           0,           0,       -1.27,           0,   uW/m^2*Sr,
2010-03-10 18:47:59,           0,           0,        1023,           1,        -272,       22.50,           0,           0,       -1.27,           0,   uW/m^2*Sr,
2010-03-10 18:48:36,           0,           0,        1023,           1,        -272,       22.50,           0,           0,       -1.27,           0,   uW/m^2*Sr,
2010-03-10 18:49:03,           0,           0,        1023,           1,        -272,       22.50,           0,           0,       -1.27,           0,   uW/m^2*Sr,
2010-03-10 18:49:15,           0,           0,        1023,           1,        -272,       22.50,           0,           0,       -1.27,           0,   uW/m^2*Sr,
2010-03-10 18:49:35,           0,           0,        1023,           1,        -272,       22.50,           0,           0,       -1.27,           0,   uW/m^2*Sr,
2010-03-10 18:49:49,           0,           0,        1023,           1,        -272,       22.50,           0,           0,       -1.27,           0,   uW/m^2*Sr,
2010-03-10 18:50:17,           0,           0,        1023,           1,        -272,       22.50,           0,           0,       -1.27,           0,   uW/m^2*Sr,
2010-03-10 18:50:44,           0,           0,        1023,           1,        -272,       22.50,           0,           0,       -1.27,           0,   uW/m^2*Sr,
2010-03-10 18:50:50,           0,           0,        1023,           1,        -272,       22.50,           0,           0,       -1.27,           0,   uW/m^2*Sr,
2010-03-10 18:51:25,           0,           0,        1023,           1,        -272,       22.50,           0,           0,       -1.27,           0,   uW/m^2*Sr,
2010-03-10 18:51:40,           0,           0,        1023,           1,        -272,       22.50,           0,           0,       -1.27,           0,   uW/m^2*Sr,
2010-03-10 18:51:53,           0,           0,        1023,           1,        -272,       22.50,           0,           0,       -1.27,           0,   uW/m^2*Sr,
2010-03-10 18:52:19,           0,           0,        1023,           1,        -272,       22.50,           0,           0,       -1.27,           0,   uW/m^2*Sr,
2010-03-10 18:52:38,           0,           0,        1023,           1,        -272,       22.50,           0,           0,       -1.27,           0,   uW/m^2*Sr,
2010-03-10 18:53:16,           0,           0,        1023,           1,        -272,       22.50,           0,           0,       -1.27,           0,   uW/m^2*Sr,
2010-03-10 18:53:21,           0,           0,        1023,           1,        -272,       22.50,           0,           0,       -1.27,           0,   uW/m^2*Sr,
2010-03-10 18:53:37,           0,           0,        1023,           1,        -272,       22.50,           0,           0,       -1.27,           0,   uW/m^2*Sr,
2010-03-10 18:54:11,           0,           0,        1023,           1,        -272,       22.50,           0,           0,       -1.27,           0,   uW/m^2*Sr,
2010-03-10 18:54:30,           0,           0,        1023,           1,        -272,       22.50,           0,           0,       -1.27,           0,   uW/m^2*Sr,
2010-03-10 18:54:50,           0,           0,        1023,           1,        -272,       22.50,           0,           0,       -1.27,           0,   uW/m^2*Sr,
2010-03-10 18:55:16,           0,           0,        1023,           1,        -272,       22.50,           0,           0,       -1.27,           0,   uW/m^2*Sr,
2010-03-10 18:55:49,           0,           0,        1023,           1,        -272,       22.50,           0,           0,       -1.27,           0,   uW/m^2*Sr,
2010-03-10 18:56:10,           0,           0,        1023,           1,        -272,       22.50,           0,           0,       -1.27,           0,   uW/m^2*Sr,
2010-03-10 18:56:23,           0,           0,        1023,           1,        -272,       22.50,           0,           0,       -1.27,           0,   uW/m^2*Sr,
2010-03-10 18:56:39,           0,           0,        1023,           1,        -272,       22.50,           0,           0,       -1.27,           0,   uW/m^2*Sr,
2010-03-10 18:56:57,           0,           0,        1023,           1,        -272,       22.50,           0,           0,       -1.27,           0,   uW/m^2*Sr,
2010-03-10 18:57:11,           0,           0,        1023,           1,        -272,       22.50,           0,           0,       -1.27,           0,   uW/m^2*Sr,
2010-03-10 18:57:19,           0,           0,        1023,           1,        -272,       22.50,           0,           0,       -1.27,           0,   uW/m^2*Sr,
2010-03-10 18:57:24,           0,           0,        1023,           1,        -272,       22.50,           0,           0,       -1.27,           0,   uW/m^2*Sr,
2010-03-10 18:57:31,           0,           0,        1023,           1,        -272,       22.50,           0,           0,       -1.27,           0,   uW/m^2*Sr,
2010-03-10 18:57:44,           0,           0,        1023,           1,        -272,       22.50,           0,           0,       -1.27,           0,   uW/m^2*Sr,
2010-03-10 18:58:03,           0,           0,        1023,           1,        -272,       22.50,           0,           0,       -1.27,           0,   uW/m^2*Sr,
2010-03-10 18:58:18,           0,           0,        1023,           1,        -272,       22.50,           0,           0,       -1.27,           0,   uW/m^2*Sr,
2010-03-10 18:58:25,           0,           0,        1023,           1,        -272,       22.50,           0,           0,       -1.27,           0,   uW/m^2*Sr,
2010-03-10 18:58:38,           0,           0,        1023,           1,        -272,       22.50,           0,           0,       -1.27,           0,   uW/m^2*Sr,
2010-03-10 18:58:40,           0,           0,        1023,           1,        -272,       22.50,           0,           0,       -1.27,           0,   uW/m^2*Sr,
2010-03-10 18:58:56,           0,           0,        1023,           1,        -272,       22.50,           0,           0,       -1.27,           0,   uW/m^2*Sr,
2010-03-10 18:59:00,           0,           0,        1023,           1,        -272,       22.50,           0,           0,       -1.27,           0,   uW/m^2*Sr,
2010-03-10 18:59:12,           0,           0,        1023,           1,        -272,       22.50,           0,           0,       -1.27,           0,   uW/m^2*Sr,
2010-03-10 18:59:20,           0,           0,        1023,           1,        -272,       22.50,           0,           0,       -1.27,           0,   uW/m^2*Sr,
2010-03-10 18:59:36,           0,           0,        1023,           1,        -272,       22.50,           0,           0,       -1.27,           0,   uW/m^2*Sr,
2010-03-10 18:59:43,           0,           0,        1023,           1,        -272,       22.50,           0,           0,       -1.27,           0,   uW/m^2*Sr,
2010-03-10 18:59:52,           0,           0,        1023,           1,        -272,       22.50,           0,           0,       -1.27,           0,   uW/m^2*Sr,
2010-03-10 19:00:01,           0,           0,        1023,           1,        -272,       22.50,           0,           0,       -1.27,           0,   uW/m^2*Sr,
2010-03-10 19:00:14,           0,           0,        1023,           1,        -272,       22.50,           0,           0,       -1.27,           0,   uW/m^2*Sr,
2010-03-10 19:00:19,           0,           0,        1023,           1,        -272,       22.50,           0,           0,       -1.27,           0,   uW/m^2*Sr,
2010-03-10 19:00:27,           0,           0,        1023,           1,        -272,       22.50,           0,           0,       -1.27,           0,   uW/m^2*Sr,
2010-03-10 19:00:38,           0,           0,        1023,           1,        -272,       22.50,           0,           0,       -1.27,           0,   uW/m^2*Sr,
2010-03-10 19:00:49,           0,           0,        1023,           1,        -272,       22.50,           0,           0,       -1.27,           0,   uW/m^2*Sr,
2010-03-10 19:00:55,           0,           0,        1023,           1,        -272,       22.50,           0,           0,       -1.27,           0,   uW/m^2*Sr,
2010-03-10 19:01:12,           0,           0,        1023,           1,        -272,       22.50,           0,           0,       -1.27,           0,   uW/m^2*Sr,
2010-03-10 19:01:17,           0,           0,        1023,           1,        -272,       22.50,           0,           0,       -1.27,           0,   uW/m^2*Sr,
2010-03-10 19:01:30,           0,           0,        1023,           1,        -272,       22.50,           0,           0,       -1.27,           0,   uW/m^2*Sr,
2010-03-10 19:01:37,           0,           0,        1023,           1,        -272,       22.50,           0,           0,       -1.27,           0,   uW/m^2*Sr,
2010-03-10 19:01:49,           0,           0,        1023,           1,        -272,       22.50,           0,           0,       -1.27,           0,   uW/m^2*Sr,
2010-03-10 19:01:59,           0,           0,        1023,           1,        -272,       22.50,           0,           0,       -1.27,           0,   uW/m^2*Sr,
2010-03-10 19:02:06,           0,           0,        1023,           1,        -272,       22.50,           0,           0,       -1.27,           0,   uW/m^2*Sr,
2010-03-10 19:02:13,           0,           0,        1023,           1,        -272,       22.50,           0,           0,       -1.27,           0,   uW/m^2*Sr,
2010-03-10 19:02:28,           0,           0,        1023,           1,        -272,       22.50,           0,           0,       -1.27,           0,   uW/m^2*Sr,
2010-03-10 19:02:36,           0,           0,        1023,           1,        -272,       22.50,           0,           0,       -1.27,           0,   uW/m^2*Sr,
2010-03-10 19:02:41,           0,           0,        1023,           1,        -272,       22.50,           0,           0,       -1.27,           0,   uW/m^2*Sr,
2010-03-10 19:02:53,           0,           0,        1023,           1,        -272,       22.50,           0,           0,       -1.27,           0,   uW/m^2*Sr,
2010-03-10 19:03:04,           0,           0,        1023,           1,        -272,       22.50,           0,           0,       -1.27,           0,   uW/m^2*Sr,
2010-03-10 19:03:10,           0,           0,        1023,           1,        -272,       22.50,           0,           0,       -1.27,           0,   uW/m^2*Sr,
2010-03-10 19:03:24,           0,           0,        1023,           1,        -272,       22.50,           0,           0,       -1.27,           0,   uW/m^2*Sr,
2010-03-10 19:03:27,           0,           0,        1023,           1,        -272,       22.50,           0,           0,       -1.27,           0,   uW/m^2*Sr,
2010-03-10 19:03:38,           0,           0,        1023,           1,        -272,       22.50,           0,           0,       -1.27,           0,   uW/m^2*Sr,
2010-03-10 19:03:50,           0,           0,        1023,           1,        -272,       22.50,           0,           0,       -1.27,           0,   uW/m^2*Sr,
2010-03-10 19:03:57,           0,           0,        1023,           1,        -272,       22.50,           0,           0,       -1.27,           0,   uW/m^2*Sr,
2010-03-10 19:04:07,           0,           0,        1023,           1,        -272,       22.50,           0,           0,       -1.27,           0,   uW/m^2*Sr,
2010-03-10 19:04:15,           0,           0,        1023,           1,        -272,       22.50,           0,           0,       -1.27,           0,   uW/m^2*Sr,
2010-03-10 19:04:29,           0,           0,        1023,           1,        -272,       22.50,           0,           0,       -1.27,           0,   uW/m^2*Sr,
2010-03-10 19:04:32,           0,           0,        1023,           1,        -272,       22.50,           0,           0,       -1.27,           0,   uW/m^2*Sr,
2010-03-10 19:04:45,           0,           0,        1023,           1,        -272,       22.50,           0,           0,       -1.27,           0,   uW/m^2*Sr,
2010-03-10 19:05:00,           0,           0,        1023,           1,        -272,       22.50,           0,           0,       -1.27,           0,   uW/m^2*Sr,
2010-03-10 19:05:08,           0,           0,        1023,           1,        -272,       22.50,           0,           0,       -1.27,           0,   uW/m^2*Sr,
2010-03-10 19:05:11,           0,           0,        1023,           1,        -272,       22.50,           0,           0,       -1.27,           0,   uW/m^2*Sr,
2010-03-10 19:05:20,           0,           0,        1023,           1,        -272,       22.50,           0,           0,       -1.27,           0,   uW/m^2*Sr,
2010-03-10 19:05:35,           0,           0,        1023,           1,        -272,       22.50,           0,           0,       -1.27,           0,   uW/m^2*Sr,
2010-03-10 19:05:46,           0,           0,        1023,           1,        -272,       22.50,           0,           0,       -1.27,           0,   uW/m^2*Sr,
2010-03-10 19:05:57,           0,           0,        1023,           1,        -272,       22.50,           0,           0,       -1.27,           0,   uW/m^2*Sr,
2010-03-10 19:06:04,           0,           0,        1023,           1,        -272,       22.50,           0,           0,       -1.27,           0,   uW/m^2*Sr,
2010-03-10 19:06:16,           0,           0,        1023,           1,        -272,       22.50,           0,           0,       -1.27,           0,   uW/m^2*Sr,
2010-03-10 19:06:20,           0,           0,        1023,           1,        -272,       22.50,           0,           0,       -1.27,           0,   uW/m^2*Sr,
2010-03-10 19:06:29,           0,           0,        1023,           1,        -272,       22.50,           0,           0,       -1.27,           0,   uW/m^2*Sr,
2010-03-10 19:06:41,           0,           0,        1023,           1,        -272,       22.50,           0,           0,       -1.27,           0,   uW/m^2*Sr,
2010-03-10 19:06:54,           0,           0,        1023,           1,        -272,       22.50,           0,           0,       -1.27,           0,   uW/m^2*Sr,
2010-03-10 19:06:55,           0,           0,        1023,           1,        -272,       22.50,           0,           0,       -1.27,           0,   uW/m^2*Sr,
2010-03-10 19:07:07,           0,           0,        1023,           1,        -272,       22.50,           0,           0,       -1.27,           0,   uW/m^2*Sr,
2010-03-10 19:07:16,           0,           0,        1023,           1,        -272,       22.50,           0,           0,       -1.27,           0,   uW/m^2*Sr,
2010-03-10 19:07:24,           0,           0,        1023,           1,        -272,       22.50,           0,           0,       -1.27,           0,   uW/m^2*Sr,
2010-03-10 19:07:41,           0,           0,        1023,           1,        -272,       22.50,           0,           0,       -1.27,           0,   uW/m^2*Sr,
2010-03-10 19:07:49,           0,           0,        1023,           1,        -272,       22.50,           0,           0,       -1.27,           0,   uW/m^2*Sr,
2010-03-10 19:07:58,           0,           0,        1023,           1,        -272,       22.50,           0,           0,       -1.27,           0,   uW/m^2*Sr,
2010-03-10 19:08:11,           0,           0,        1023,           1,        -272,       22.50,           0,           0,       -1.27,           0,   uW/m^2*Sr,
2010-03-10 19:08:19,           0,           0,        1023,           1,        -272,       22.50,           0,           0,       -1.27,           0,   uW/m^2*Sr,
2010-03-10 19:08:22,           0,           0,        1023,           1,        -272,       22.50,           0,           0,       -1.27,           0,   uW/m^2*Sr,
2010-03-10 19:08:40,           0,           0,        1023,           1,        -272,       22.50,           0,           0,       -1.27,           0,   uW/m^2*Sr,
2010-03-10 19:08:41,           0,           0,        1023,           1,        -272,       22.50,           0,           0,       -1.27,           0,   uW/m^2*Sr,
2010-03-10 19:11:42,           0,           0,        1023,           1,        -272,       22.50,           0,           0,       -1.27,           0,   uW/m^2*Sr,
2010-03-10 19:12:24,           0,           0,        1023,           1,        -272,       22.50,           0,           0,       -1.27,           0,   uW/m^2*Sr,
2010-03-10 19:12:34,           0,           0,        1023,           1,        -272,       22.50,           0,           0,       -1.27,           0,   uW/m^2*Sr,
2010-03-10 19:12:44,           0,           0,        1023,           1,        -272,       22.50,           0,           0,       -1.27,           0,   uW/m^2*Sr,
2010-03-10 19:12:52,           0,           0,        1023,           1,        -272,       22.50,           0,           0,       -1.27,           0,   uW/m^2*Sr,
2010-03-10 19:13:08,           0,           0,        1023,           1,        -272,       22.50,           0,           0,       -1.27,           0,   uW/m^2*Sr,
2010-03-10 19:15:35,           0,           0,        1023,           1,        -272,       22.50,           0,           0,       -1.27,           0,   uW/m^2*Sr,
2010-03-10 19:16:16,           0,           0,        1023,           1,        -272,       22.50,           0,           0,       -1.27,           0,   uW/m^2*Sr,
2010-03-10 19:16:22,           0,           0,        1023,           1,        -272,       22.50,           0,           0,       -1.27,           0,   uW/m^2*Sr,
2010-03-10 19:16:27,           0,           0,        1023,           1,        -272,       22.50,           0,           0,       -1.27,           0,   uW/m^2*Sr,
2010-03-10 19:16:41,           0,           0,        1023,           1,        -272,       22.50,           0,           0,       -1.27,           0,   uW/m^2*Sr,
2010-03-10 19:16:57,           0,           0,        1023,           1,        -272,       22.50,           0,           0,       -1.27,           0,   uW/m^2*Sr,
2010-03-10 19:17:14,           0,           0,        1023,           1,        -272,       22.50,           0,           0,       -1.27,           0,   uW/m^2*Sr,
2010-03-10 19:17:36,           0,           0,        1023,           1,        -272,       22.50,           0,           0,       -1.27,           0,   uW/m^2*Sr,
2010-03-10 19:17:43,           0,           0,        1023,           1,        -272,       22.50,           0,           0,       -1.27,           0,   uW/m^2*Sr,
2010-03-10 19:17:59,           0,           0,        1023,           1,        -272,       22.50,           0,           0,       -1.27,           0,   uW/m^2*Sr,
2010-03-10 19:18:04,           0,           0,        1023,           1,        -272,       22.50,           0,           0,       -1.27,           0,   uW/m^2*Sr,
2010-03-10 19:18:15,           0,           0,        1023,           1,        -272,       22.50,           0,           0,       -1.27,           0,   uW/m^2*Sr,
2010-03-10 19:18:25,           0,           0,        1023,           1,        -272,       22.50,           0,           0,       -1.27,           0,   uW/m^2*Sr,
2010-03-10 19:18:31,           0,           0,        1023,           1,        -272,       22.50,           0,           0,       -1.27,           0,   uW/m^2*Sr,
2010-03-10 19:18:41,           0,           0,        1023,           1,        -272,       22.50,           0,           0,       -1.27,           0,   uW/m^2*Sr,
2010-03-10 19:18:52,           0,           0,        1023,           1,        -272,       22.50,           0,           0,       -1.27,           0,   uW/m^2*Sr,
2010-03-10 19:19:07,           0,           0,        1023,           1,        -272,       22.50,           0,           0,       -1.27,           0,   uW/m^2*Sr,
2010-03-10 19:19:12,           0,           0,        1023,           1,        -272,       22.50,           0,           0,       -1.27,           0,   uW/m^2*Sr,
2010-03-10 19:19:19,           0,           0,        1023,           1,        -272,       22.50,           0,           0,       -1.27,           0,   uW/m^2*Sr,
2010-03-10 19:19:28,           0,           0,        1023,           1,        -272,       22.50,           0,           0,       -1.27,           0,   uW/m^2*Sr,
2010-03-10 19:19:40,           0,           0,        1023,           1,        -272,       22.50,           0,           0,       -1.27,           0,   uW/m^2*Sr,
2010-03-10 19:19:52,           0,           0,        1023,           1,        -272,       22.50,           0,           0,       -1.27,           0,   uW/m^2*Sr,
2010-03-10 19:19:57,           0,           0,        1023,           1,        -272,       22.50,           0,           0,       -1.27,           0,   uW/m^2*Sr,
2010-03-10 19:20:11,           0,           0,        1023,           1,        -272,       22.50,           0,           0,       -1.27,           0,   uW/m^2*Sr,
2010-03-10 19:20:21,           0,           0,        1023,           1,        -272,       22.50,           0,           0,       -1.27,           0,   uW/m^2*Sr,
2010-03-10 19:20:33,           0,           0,        1023,           1,        -272,       22.50,           0,           0,       -1.27,           0,   uW/m^2*Sr,
2010-03-10 19:20:42,           0,           0,        1023,           1,        -272,       22.50,           0,           0,       -1.27,           0,   uW/m^2*Sr,
