SCC1 
UTC,PMT5577DN,PD1DN,PD2DN,PMTS,TMP,SETTMP,TEPWR,TEDIR,PMT5577rad,PD1rad,rad_units,
2010-03-10 16:43:28,          12,           0,        1023,           1,        -272,       22.50,           0,           0,        6.33,           0,   uW/m^2*Sr,
2010-03-10 16:44:01,          12,           0,        1023,           1,        -272,       22.50,           0,           0,        6.33,           0,   uW/m^2*Sr,
2010-03-10 16:44:06,          12,           0,        1023,           1,        -272,       22.50,           0,           0,        6.33,           0,   uW/m^2*Sr,
2010-03-10 16:44:17,          12,           0,        1023,           1,        -272,       22.50,           0,           0,        6.33,           0,   uW/m^2*Sr,
2010-03-10 16:48:09,          12,           0,        1023,           1,        -272,       22.50,           0,           0,        6.33,           0,   uW/m^2*Sr,
2010-03-10 16:49:48,          12,           0,        1023,           1,        -272,       22.50,           0,           0,        6.33,           0,   uW/m^2*Sr,
2010-03-10 16:50:12,          12,           0,        1023,           1,        -272,       22.50,           0,           0,        6.33,           0,   uW/m^2*Sr,
2010-03-10 16:57:55,          12,           0,        1023,           1,        -272,       22.50,           0,           0,        6.33,           0,   uW/m^2*Sr,
2010-03-10 16:59:03,          12,           0,        1023,           1,        -272,       22.50,           0,           0,        6.33,           0,   uW/m^2*Sr,
2010-03-10 16:59:33,          12,           0,        1023,           1,        -272,       22.50,           0,           0,        6.33,           0,   uW/m^2*Sr,
2010-03-10 17:02:12,          12,           0,        1023,           1,        -272,       22.50,           0,           0,        6.33,           0,   uW/m^2*Sr,
2010-03-10 17:02:40,          12,           0,        1023,           1,        -272,       22.50,           0,           0,        6.33,           0,   uW/m^2*Sr,
2010-03-10 17:02:55,          12,           0,        1023,           1,        -272,       22.50,           0,           0,        6.33,           0,   uW/m^2*Sr,
2010-03-10 17:03:27,          12,           0,        1023,           1,        -272,       22.50,           0,           0,        6.33,           0,   uW/m^2*Sr,
2010-03-10 17:10:38,          12,           0,        1023,           1,        -272,       22.50,           0,           0,        6.33,           0,   uW/m^2*Sr,
2010-03-10 17:10:50,          12,           0,        1023,           1,        -272,       22.50,           0,           0,        6.33,           0,   uW/m^2*Sr,
2010-03-10 17:11:07,          12,           0,        1023,           1,        -272,       22.50,           0,           0,        6.33,           0,   uW/m^2*Sr,
2010-03-10 17:11:11,          12,           0,        1023,           1,        -272,       22.50,           0,           0,        6.33,           0,   uW/m^2*Sr,
2010-03-10 17:11:18,          12,           0,        1023,           1,        -272,       22.50,           0,           0,        6.33,           0,   uW/m^2*Sr,
2010-03-10 17:11:33,          12,           0,        1023,           1,        -272,       22.50,           0,           0,        6.33,           0,   uW/m^2*Sr,
2010-03-10 17:11:56,          12,           0,        1023,           1,        -272,       22.50,           0,           0,        6.33,           0,   uW/m^2*Sr,
2010-03-10 17:12:09,           8,           0,        1023,           1,        -272,       22.50,           0,           0,        3.80,           0,   uW/m^2*Sr,
2010-03-10 17:12:14,           8,           0,        1023,           1,        -272,       22.50,           0,           0,        3.80,           0,   uW/m^2*Sr,
2010-03-10 17:12:24,          12,           0,        1023,           1,        -272,       22.50,           0,           0,        6.33,           0,   uW/m^2*Sr,
2010-03-10 17:12:35,          12,           0,        1023,           1,        -272,       22.50,           0,           0,        6.33,           0,   uW/m^2*Sr,
2010-03-10 17:12:42,          12,           0,        1023,           1,        -272,       22.50,           0,           0,        6.33,           0,   uW/m^2*Sr,
2010-03-10 17:12:51,          12,           0,        1023,           1,        -272,       22.50,           0,           0,        6.33,           0,   uW/m^2*Sr,
2010-03-10 17:13:03,          12,           0,        1023,           1,        -272,       22.50,           0,           0,        6.33,           0,   uW/m^2*Sr,
2010-03-10 17:13:07,          12,           0,        1023,           1,        -272,       22.50,           0,           0,        6.33,           0,   uW/m^2*Sr,
2010-03-10 17:13:17,          12,           0,        1023,           1,        -272,       22.50,           0,           0,        6.33,           0,   uW/m^2*Sr,
2010-03-10 17:13:30,          12,           0,        1023,           1,        -272,       22.50,           0,           0,        6.33,           0,   uW/m^2*Sr,
2010-03-10 17:15:25,          12,           0,        1023,           1,        -272,       22.50,           0,           0,        6.33,           0,   uW/m^2*Sr,
2010-03-10 17:15:57,          12,           0,        1023,           1,        -272,       22.50,           0,           0,        6.33,           0,   uW/m^2*Sr,
2010-03-10 17:16:06,          12,           0,        1023,           1,        -272,       22.50,           0,           0,        6.33,           0,   uW/m^2*Sr,
2010-03-10 17:16:17,          12,           0,        1023,           1,        -272,       22.50,           0,           0,        6.33,           0,   uW/m^2*Sr,
2010-03-10 17:16:37,          12,           0,        1023,           1,        -272,       22.50,           0,           0,        6.33,           0,   uW/m^2*Sr,
2010-03-10 17:16:48,          12,           0,        1023,           1,        -272,       22.50,           0,           0,        6.33,           0,   uW/m^2*Sr,
2010-03-10 17:17:05,          12,           0,        1023,           1,        -272,       22.50,           0,           0,        6.33,           0,   uW/m^2*Sr,
2010-03-10 17:17:18,           8,           0,        1023,           1,        -272,       22.50,           0,           0,        3.80,           0,   uW/m^2*Sr,
2010-03-10 17:17:22,           8,           0,        1023,           1,        -272,       22.50,           0,           0,        3.80,           0,   uW/m^2*Sr,
2010-03-10 17:17:32,          12,           0,        1023,           1,        -272,       22.50,           0,           0,        6.33,           0,   uW/m^2*Sr,
2010-03-10 17:17:46,          12,           0,        1023,           1,        -272,       22.50,           0,           0,        6.33,           0,   uW/m^2*Sr,
2010-03-10 17:21:39,          12,           0,        1023,           1,        -272,       22.50,           0,           0,        6.33,           0,   uW/m^2*Sr,
2010-03-10 17:21:57,          12,           0,        1023,           1,        -272,       22.50,           0,           0,        6.33,           0,   uW/m^2*Sr,
2010-03-10 17:22:15,          12,           0,        1023,           1,        -272,       22.50,           0,           0,        6.33,           0,   uW/m^2*Sr,
2010-03-10 17:22:20,          12,           0,        1023,           1,        -272,       22.50,           0,           0,        6.33,           0,   uW/m^2*Sr,
2010-03-10 17:22:28,          12,           0,        1023,           1,        -272,       22.50,           0,           0,        6.33,           0,   uW/m^2*Sr,
2010-03-10 17:22:38,          12,           0,        1023,           1,        -272,       22.50,           0,           0,        6.33,           0,   uW/m^2*Sr,
2010-03-10 17:22:49,          12,           0,        1023,           1,        -272,       22.50,           0,           0,        6.33,           0,   uW/m^2*Sr,
2010-03-10 17:23:15,           8,           0,        1023,           1,        -272,       22.50,           0,           0,        3.80,           0,   uW/m^2*Sr,
2010-03-10 17:23:47,           8,           0,        1023,           1,        -272,       22.50,           0,           0,        3.80,           0,   uW/m^2*Sr,
2010-03-10 17:23:54,          12,           0,        1023,           1,        -272,       22.50,           0,           0,        6.33,           0,   uW/m^2*Sr,
2010-03-10 17:24:10,          12,           0,        1023,           1,        -272,       22.50,           0,           0,        6.33,           0,   uW/m^2*Sr,
2010-03-10 17:24:16,          12,           0,        1023,           1,        -272,       22.50,           0,           0,        6.33,           0,   uW/m^2*Sr,
2010-03-10 17:24:26,          12,           0,        1023,           1,        -272,       22.50,           0,           0,        6.33,           0,   uW/m^2*Sr,
2010-03-10 17:24:39,          12,           0,        1023,           1,        -272,       22.50,           0,           0,        6.33,           0,   uW/m^2*Sr,
2010-03-10 17:24:42,          12,           0,        1023,           1,        -272,       22.50,           0,           0,        6.33,           0,   uW/m^2*Sr,
2010-03-10 17:24:58,          12,           0,        1023,           1,        -272,       22.50,           0,           0,        6.33,           0,   uW/m^2*Sr,
2010-03-10 17:25:06,          12,           0,        1023,           1,        -272,       22.50,           0,           0,        6.33,           0,   uW/m^2*Sr,
2010-03-10 17:25:14,          12,           0,        1023,           1,        -272,       22.50,           0,           0,        6.33,           0,   uW/m^2*Sr,
2010-03-10 17:25:18,          12,           0,        1023,           1,        -272,       22.50,           0,           0,        6.33,           0,   uW/m^2*Sr,
2010-03-10 17:25:31,          12,           0,        1023,           1,        -272,       22.50,           0,           0,        6.33,           0,   uW/m^2*Sr,
2010-03-10 17:25:42,          12,           0,        1023,           1,        -272,       22.50,           0,           0,        6.33,           0,   uW/m^2*Sr,
2010-03-10 17:25:51,          12,           0,        1023,           1,        -272,       22.50,           0,           0,        6.33,           0,   uW/m^2*Sr,
2010-03-10 17:26:00,          12,           0,        1023,           1,        -272,       22.50,           0,           0,        6.33,           0,   uW/m^2*Sr,
2010-03-10 17:26:08,          12,           0,        1023,           1,        -272,       22.50,           0,           0,        6.33,           0,   uW/m^2*Sr,
2010-03-10 17:26:18,          12,           0,        1023,           1,        -272,       22.50,           0,           0,        6.33,           0,   uW/m^2*Sr,
2010-03-10 17:26:25,          12,           0,        1023,           1,        -272,       22.50,           0,           0,        6.33,           0,   uW/m^2*Sr,
2010-03-10 17:26:37,          12,           0,        1023,           1,        -272,       22.50,           0,           0,        6.33,           0,   uW/m^2*Sr,
2010-03-10 17:26:47,          12,           0,        1023,           1,        -272,       22.50,           0,           0,        6.33,           0,   uW/m^2*Sr,
2010-03-10 17:26:54,          12,           0,        1023,           1,        -272,       22.50,           0,           0,        6.33,           0,   uW/m^2*Sr,
2010-03-10 17:27:04,          12,           0,        1023,           1,        -272,       22.50,           0,           0,        6.33,           0,   uW/m^2*Sr,
2010-03-10 17:27:21,          12,           0,        1023,           1,        -272,       22.50,           0,           0,        6.33,           0,   uW/m^2*Sr,
2010-03-10 17:27:27,          12,           0,        1023,           1,        -272,       22.50,           0,           0,        6.33,           0,   uW/m^2*Sr,
2010-03-10 17:27:36,          12,           0,        1023,           1,        -272,       22.50,           0,           0,        6.33,           0,   uW/m^2*Sr,
2010-03-10 17:27:46,          12,           0,        1023,           1,        -272,       22.50,           0,           0,        6.33,           0,   uW/m^2*Sr,
2010-03-10 17:27:56,          12,           0,        1023,           1,        -272,       22.50,           0,           0,        6.33,           0,   uW/m^2*Sr,
2010-03-10 17:28:03,          12,           0,        1023,           1,        -272,       22.50,           0,           0,        6.33,           0,   uW/m^2*Sr,
2010-03-10 17:28:11,          12,           0,        1023,           1,        -272,       22.50,           0,           0,        6.33,           0,   uW/m^2*Sr,
2010-03-10 17:28:26,          12,           0,        1023,           1,        -272,       22.50,           0,           0,        6.33,           0,   uW/m^2*Sr,
2010-03-10 17:28:37,          12,           0,        1023,           1,        -272,       22.50,           0,           0,        6.33,           0,   uW/m^2*Sr,
2010-03-10 17:28:46,          12,           0,        1023,           1,        -272,       22.50,           0,           0,        6.33,           0,   uW/m^2*Sr,
2010-03-10 17:28:54,          12,           0,        1023,           1,        -272,       22.50,           0,           0,        6.33,           0,   uW/m^2*Sr,
2010-03-10 17:29:01,          12,           0,        1023,           1,        -272,       22.50,           0,           0,        6.33,           0,   uW/m^2*Sr,
2010-03-10 17:29:15,          12,           0,        1023,           1,        -272,       22.50,           0,           0,        6.33,           0,   uW/m^2*Sr,
2010-03-10 17:29:20,          12,           0,        1023,           1,        -272,       22.50,           0,           0,        6.33,           0,   uW/m^2*Sr,
2010-03-10 17:29:37,          12,           0,        1023,           1,        -272,       22.50,           0,           0,        6.33,           0,   uW/m^2*Sr,
2010-03-10 17:29:41,          12,           0,        1023,           1,        -272,       22.50,           0,           0,        6.33,           0,   uW/m^2*Sr,
2010-03-10 17:29:51,          12,           0,        1023,           1,        -272,       22.50,           0,           0,        6.33,           0,   uW/m^2*Sr,
2010-03-10 17:30:05,          12,           0,        1023,           1,        -272,       22.50,           0,           0,        6.33,           0,   uW/m^2*Sr,
2010-03-10 17:30:12,          12,           0,        1023,           1,        -272,       22.50,           0,           0,        6.33,           0,   uW/m^2*Sr,
2010-03-10 17:30:16,          16,           0,        1023,           1,        -272,       22.50,           0,           0,        8.87,           0,   uW/m^2*Sr,
2010-03-10 17:30:32,          12,           0,        1023,           1,        -272,       22.50,           0,           0,        6.33,           0,   uW/m^2*Sr,
2010-03-10 17:30:38,          16,           0,        1023,           1,        -272,       22.50,           0,           0,        8.87,           0,   uW/m^2*Sr,
2010-03-10 17:30:46,          12,           0,        1023,           1,        -272,       22.50,           0,           0,        6.33,           0,   uW/m^2*Sr,
2010-03-10 17:30:56,          12,           0,        1023,           1,        -272,       22.50,           0,           0,        6.33,           0,   uW/m^2*Sr,
2010-03-10 17:31:08,          12,           0,        1023,           1,        -272,       22.50,           0,           0,        6.33,           0,   uW/m^2*Sr,
2010-03-10 17:31:21,          12,           0,        1023,           1,        -272,       22.50,           0,           0,        6.33,           0,   uW/m^2*Sr,
2010-03-10 17:31:25,          12,           0,        1023,           1,        -272,       22.50,           0,           0,        6.33,           0,   uW/m^2*Sr,
2010-03-10 17:31:36,          12,           0,        1023,           1,        -272,       22.50,           0,           0,        6.33,           0,   uW/m^2*Sr,
2010-03-10 18:08:43,          40,           1,        1023,           1,        -272,       22.50,           0,           0,       24.06,           0,   uW/m^2*Sr,
2010-03-10 18:08:55,          36,           1,        1023,           1,        -272,       22.50,           0,           0,       21.53,           0,   uW/m^2*Sr,
2010-03-10 18:09:04,          36,           1,        1023,           1,        -272,       22.50,           0,           0,       21.53,           0,   uW/m^2*Sr,
2010-03-10 18:09:16,          36,           1,        1023,           1,        -272,       22.50,           0,           0,       21.53,           0,   uW/m^2*Sr,
2010-03-10 18:09:31,          36,           1,        1023,           1,        -272,       22.50,           0,           0,       21.53,           0,   uW/m^2*Sr,
2010-03-10 18:09:53,          40,           1,        1023,           1,        -272,       22.50,           0,           0,       24.06,           0,   uW/m^2*Sr,
2010-03-10 18:11:03,          40,           1,        1023,           1,        -272,       22.50,           0,           0,       24.06,           0,   uW/m^2*Sr,
2010-03-10 18:11:26,          36,           1,        1023,           1,        -272,       22.50,           0,           0,       21.53,           0,   uW/m^2*Sr,
2010-03-10 18:11:37,          36,           1,        1023,           1,        -272,       22.50,           0,           0,       21.53,           0,   uW/m^2*Sr,
2010-03-10 18:11:42,          36,           1,        1023,           1,        -272,       22.50,           0,           0,       21.53,           0,   uW/m^2*Sr,
2010-03-10 18:11:54,          36,           1,        1023,           1,        -272,       22.50,           0,           0,       21.53,           0,   uW/m^2*Sr,
2010-03-10 18:12:17,          40,           1,        1023,           1,        -272,       22.50,           0,           0,       24.06,           0,   uW/m^2*Sr,
2010-03-10 18:12:42,          44,           1,        1023,           1,        -272,       22.50,           0,           0,       26.60,           0,   uW/m^2*Sr,
2010-03-10 18:12:47,          56,           1,        1023,           1,        -272,       22.50,           0,           0,       34.19,           0,   uW/m^2*Sr,
2010-03-10 18:13:01,          60,           1,        1023,           1,        -272,       22.50,           0,           0,       36.73,           0,   uW/m^2*Sr,
2010-03-10 18:13:07,          56,           1,        1023,           1,        -272,       22.50,           0,           0,       34.19,           0,   uW/m^2*Sr,
2010-03-10 18:13:15,          52,           1,        1023,           1,        -272,       22.50,           0,           0,       31.66,           0,   uW/m^2*Sr,
2010-03-10 18:13:24,          52,           1,        1023,           1,        -272,       22.50,           0,           0,       31.66,           0,   uW/m^2*Sr,
2010-03-10 18:13:32,          52,           1,        1023,           1,        -272,       22.50,           0,           0,       31.66,           0,   uW/m^2*Sr,
2010-03-10 18:13:43,          52,           1,        1023,           1,        -272,       22.50,           0,           0,       31.66,           0,   uW/m^2*Sr,
2010-03-10 18:13:56,          52,           1,        1023,           1,        -272,       22.50,           0,           0,       31.66,           0,   uW/m^2*Sr,
2010-03-10 18:14:06,          52,           1,        1023,           1,        -272,       22.50,           0,           0,       31.66,           0,   uW/m^2*Sr,
2010-03-10 18:14:16,          52,           1,        1023,           1,        -272,       22.50,           0,           0,       31.66,           0,   uW/m^2*Sr,
2010-03-10 18:14:21,          52,           1,        1023,           1,        -272,       22.50,           0,           0,       31.66,           0,   uW/m^2*Sr,
2010-03-10 18:14:31,          52,           1,        1023,           1,        -272,       22.50,           0,           0,       31.66,           0,   uW/m^2*Sr,
2010-03-10 18:14:42,          52,           1,        1023,           1,        -272,       22.50,           0,           0,       31.66,           0,   uW/m^2*Sr,
2010-03-10 18:14:55,          52,           1,        1023,           1,        -272,       22.50,           0,           0,       31.66,           0,   uW/m^2*Sr,
2010-03-10 18:15:03,          52,           1,        1023,           1,        -272,       22.50,           0,           0,       31.66,           0,   uW/m^2*Sr,
2010-03-10 18:15:07,          52,           1,        1023,           1,        -272,       22.50,           0,           0,       31.66,           0,   uW/m^2*Sr,
2010-03-10 18:15:23,          52,           1,        1023,           1,        -272,       22.50,           0,           0,       31.66,           0,   uW/m^2*Sr,
2010-03-10 18:15:32,          52,           1,        1023,           1,        -272,       22.50,           0,           0,       31.66,           0,   uW/m^2*Sr,
2010-03-10 18:15:44,          52,           1,        1023,           1,        -272,       22.50,           0,           0,       31.66,           0,   uW/m^2*Sr,
2010-03-10 18:15:47,          48,           1,        1023,           1,        -272,       22.50,           0,           0,       29.13,           0,   uW/m^2*Sr,
2010-03-10 18:15:56,          48,           1,        1023,           1,        -272,       22.50,           0,           0,       29.13,           0,   uW/m^2*Sr,
2010-03-10 18:16:08,          48,           1,        1023,           1,        -272,       22.50,           0,           0,       29.13,           0,   uW/m^2*Sr,
2010-03-10 18:16:21,          48,           1,        1023,           1,        -272,       22.50,           0,           0,       29.13,           0,   uW/m^2*Sr,
2010-03-10 18:16:29,          48,           1,        1023,           1,        -272,       22.50,           0,           0,       29.13,           0,   uW/m^2*Sr,
2010-03-10 18:16:35,          48,           1,        1023,           1,        -272,       22.50,           0,           0,       29.13,           0,   uW/m^2*Sr,
2010-03-10 18:16:49,          48,           1,        1023,           1,        -272,       22.50,           0,           0,       29.13,           0,   uW/m^2*Sr,
2010-03-10 18:16:58,          48,           1,        1023,           1,        -272,       22.50,           0,           0,       29.13,           0,   uW/m^2*Sr,
2010-03-10 18:17:01,          48,           1,        1023,           1,        -272,       22.50,           0,           0,       29.13,           0,   uW/m^2*Sr,
2010-03-10 18:17:12,          52,           1,        1023,           1,        -272,       22.50,           0,           0,       31.66,           0,   uW/m^2*Sr,
2010-03-10 18:17:24,          52,           1,        1023,           1,        -272,       22.50,           0,           0,       31.66,           0,   uW/m^2*Sr,
2010-03-10 18:17:31,          52,           1,        1023,           1,        -272,       22.50,           0,           0,       31.66,           0,   uW/m^2*Sr,
2010-03-10 18:17:39,          52,           1,        1023,           1,        -272,       22.50,           0,           0,       31.66,           0,   uW/m^2*Sr,
2010-03-10 18:17:50,          52,           1,        1023,           1,        -272,       22.50,           0,           0,       31.66,           0,   uW/m^2*Sr,
2010-03-10 18:18:00,          48,           1,        1023,           1,        -272,       22.50,           0,           0,       29.13,           0,   uW/m^2*Sr,
2010-03-10 18:18:14,          48,           1,        1023,           1,        -272,       22.50,           0,           0,       29.13,           0,   uW/m^2*Sr,
2010-03-10 18:18:21,          48,           1,        1023,           1,        -272,       22.50,           0,           0,       29.13,           0,   uW/m^2*Sr,
2010-03-10 18:18:28,          52,           1,        1023,           1,        -272,       22.50,           0,           0,       31.66,           0,   uW/m^2*Sr,
2010-03-10 18:18:43,          60,           1,        1023,           1,        -272,       22.50,           0,           0,       36.73,           0,   uW/m^2*Sr,
2010-03-10 18:18:51,          64,           1,        1023,           1,        -272,       22.50,           0,           0,       39.26,           0,   uW/m^2*Sr,
2010-03-10 18:19:04,          64,           1,        1023,           1,        -272,       22.50,           0,           0,       39.26,           0,   uW/m^2*Sr,
2010-03-10 18:19:10,          60,           1,        1023,           1,        -272,       22.50,           0,           0,       36.73,           0,   uW/m^2*Sr,
2010-03-10 18:19:23,          48,           1,        1023,           1,        -272,       22.50,           0,           0,       29.13,           0,   uW/m^2*Sr,
2010-03-10 18:19:24,          44,           1,        1023,           1,        -272,       22.50,           0,           0,       26.60,           0,   uW/m^2*Sr,
2010-03-10 18:19:38,          40,           1,        1023,           1,        -272,       22.50,           0,           0,       24.06,           0,   uW/m^2*Sr,
2010-03-10 18:19:51,          40,           1,        1023,           1,        -272,       22.50,           0,           0,       24.06,           0,   uW/m^2*Sr,
2010-03-10 18:20:01,          40,           1,        1023,           1,        -272,       22.50,           0,           0,       24.06,           0,   uW/m^2*Sr,
2010-03-10 18:20:05,          44,           1,        1023,           1,        -272,       22.50,           0,           0,       26.60,           0,   uW/m^2*Sr,
2010-03-10 18:20:12,          44,           1,        1023,           1,        -272,       22.50,           0,           0,       26.60,           0,   uW/m^2*Sr,
2010-03-10 18:20:27,          44,           1,        1023,           1,        -272,       22.50,           0,           0,       26.60,           0,   uW/m^2*Sr,
2010-03-10 18:20:38,          40,           1,        1023,           1,        -272,       22.50,           0,           0,       24.06,           0,   uW/m^2*Sr,
2010-03-10 18:20:44,          36,           1,        1023,           1,        -272,       22.50,           0,           0,       21.53,           0,   uW/m^2*Sr,
2010-03-10 18:20:55,          36,           1,        1023,           1,        -272,       22.50,           0,           0,       21.53,           0,   uW/m^2*Sr,
2010-03-10 18:21:17,          32,           1,        1023,           1,        -272,       22.50,           0,           0,       19.00,           0,   uW/m^2*Sr,
2010-03-10 18:21:27,          32,           1,        1023,           1,        -272,       22.50,           0,           0,       19.00,           0,   uW/m^2*Sr,
2010-03-10 18:21:46,          28,           1,        1023,           1,        -272,       22.50,           0,           0,       16.46,           0,   uW/m^2*Sr,
2010-03-10 18:21:56,          24,           0,        1023,           1,        -272,       22.50,           0,           0,       13.93,           0,   uW/m^2*Sr,
2010-03-10 18:22:09,          24,           1,        1023,           1,        -272,       22.50,           0,           0,       13.93,           0,   uW/m^2*Sr,
2010-03-10 18:22:19,          24,           1,        1023,           1,        -272,       22.50,           0,           0,       13.93,           0,   uW/m^2*Sr,
2010-03-10 18:22:25,          24,           1,        1023,           1,        -272,       22.50,           0,           0,       13.93,           0,   uW/m^2*Sr,
2010-03-10 18:22:39,          24,           0,        1023,           1,        -272,       22.50,           0,           0,       13.93,           0,   uW/m^2*Sr,
2010-03-10 18:22:50,          28,           0,        1023,           1,        -272,       22.50,           0,           0,       16.46,           0,   uW/m^2*Sr,
2010-03-10 18:22:53,          28,           0,        1023,           1,        -272,       22.50,           0,           0,       16.46,           0,   uW/m^2*Sr,
2010-03-10 18:23:04,          28,           0,        1023,           1,        -272,       22.50,           0,           0,       16.46,           0,   uW/m^2*Sr,
2010-03-10 18:23:11,          28,           0,        1023,           1,        -272,       22.50,           0,           0,       16.46,           0,   uW/m^2*Sr,
2010-03-10 18:23:20,          28,           0,        1023,           1,        -272,       22.50,           0,           0,       16.46,           0,   uW/m^2*Sr,
2010-03-10 18:23:28,          28,           0,        1023,           1,        -272,       22.50,           0,           0,       16.46,           0,   uW/m^2*Sr,
2010-03-10 18:23:42,          24,           0,        1023,           1,        -272,       22.50,           0,           0,       13.93,           0,   uW/m^2*Sr,
2010-03-10 18:23:56,          24,           0,        1023,           1,        -272,       22.50,           0,           0,       13.93,           0,   uW/m^2*Sr,
2010-03-10 18:23:57,          24,           0,        1023,           1,        -272,       22.50,           0,           0,       13.93,           0,   uW/m^2*Sr,
2010-03-10 18:24:08,          24,           0,        1023,           1,        -272,       22.50,           0,           0,       13.93,           0,   uW/m^2*Sr,
2010-03-10 18:24:22,          24,           0,        1023,           1,        -272,       22.50,           0,           0,       13.93,           0,   uW/m^2*Sr,
2010-03-10 18:24:31,          24,           0,        1023,           1,        -272,       22.50,           0,           0,       13.93,           0,   uW/m^2*Sr,
2010-03-10 18:24:41,          20,           0,        1023,           1,        -272,       22.50,           0,           0,       11.40,           0,   uW/m^2*Sr,
2010-03-10 18:24:50,          20,           0,        1023,           1,        -272,       22.50,           0,           0,       11.40,           0,   uW/m^2*Sr,
2010-03-10 18:25:04,          20,           0,        1023,           1,        -272,       22.50,           0,           0,       11.40,           0,   uW/m^2*Sr,
2010-03-10 18:25:11,          20,           0,        1023,           1,        -272,       22.50,           0,           0,       11.40,           0,   uW/m^2*Sr,
2010-03-10 18:25:17,          20,           1,        1023,           1,        -272,       22.50,           0,           0,       11.40,           0,   uW/m^2*Sr,
2010-03-10 18:25:29,          20,           1,        1023,           1,        -272,       22.50,           0,           0,       11.40,           0,   uW/m^2*Sr,
2010-03-10 18:25:39,          20,           1,        1023,           1,        -272,       22.50,           0,           0,       11.40,           0,   uW/m^2*Sr,
2010-03-10 18:25:45,          20,           1,        1023,           1,        -272,       22.50,           0,           0,       11.40,           0,   uW/m^2*Sr,
2010-03-10 18:25:58,          20,           1,        1023,           1,        -272,       22.50,           0,           0,       11.40,           0,   uW/m^2*Sr,
2010-03-10 18:26:04,          20,           1,        1023,           1,        -272,       22.50,           0,           0,       11.40,           0,   uW/m^2*Sr,
2010-03-10 18:26:11,          20,           1,        1023,           1,        -272,       22.50,           0,           0,       11.40,           0,   uW/m^2*Sr,
2010-03-10 18:26:22,          20,           1,        1023,           1,        -272,       22.50,           0,           0,       11.40,           0,   uW/m^2*Sr,
2010-03-10 18:26:30,          20,           1,        1023,           1,        -272,       22.50,           0,           0,       11.40,           0,   uW/m^2*Sr,
2010-03-10 18:26:44,          20,           1,        1023,           1,        -272,       22.50,           0,           0,       11.40,           0,   uW/m^2*Sr,
2010-03-10 18:26:50,          20,           1,        1023,           1,        -272,       22.50,           0,           0,       11.40,           0,   uW/m^2*Sr,
2010-03-10 18:27:04,          20,           1,        1023,           1,        -272,       22.50,           0,           0,       11.40,           0,   uW/m^2*Sr,
2010-03-10 18:27:08,          20,           1,        1023,           1,        -272,       22.50,           0,           0,       11.40,           0,   uW/m^2*Sr,
2010-03-10 18:27:21,          20,           1,        1023,           1,        -272,       22.50,           0,           0,       11.40,           0,   uW/m^2*Sr,
2010-03-10 18:27:30,          20,           1,        1023,           1,        -272,       22.50,           0,           0,       11.40,           0,   uW/m^2*Sr,
2010-03-10 18:27:40,          20,           1,        1023,           1,        -272,       22.50,           0,           0,       11.40,           0,   uW/m^2*Sr,
2010-03-10 18:27:48,          20,           1,        1023,           1,        -272,       22.50,           0,           0,       11.40,           0,   uW/m^2*Sr,
2010-03-10 18:28:00,          20,           1,        1023,           1,        -272,       22.50,           0,           0,       11.40,           0,   uW/m^2*Sr,
2010-03-10 18:28:04,          20,           1,        1023,           1,        -272,       22.50,           0,           0,       11.40,           0,   uW/m^2*Sr,
2010-03-10 18:28:21,          24,           1,        1023,           1,        -272,       22.50,           0,           0,       13.93,           0,   uW/m^2*Sr,
2010-03-10 18:28:28,          24,           1,        1023,           1,        -272,       22.50,           0,           0,       13.93,           0,   uW/m^2*Sr,
2010-03-10 18:28:38,          24,           1,        1023,           1,        -272,       22.50,           0,           0,       13.93,           0,   uW/m^2*Sr,
2010-03-10 18:28:44,          20,           1,        1023,           1,        -272,       22.50,           0,           0,       11.40,           0,   uW/m^2*Sr,
2010-03-10 18:28:57,          20,           1,        1023,           1,        -272,       22.50,           0,           0,       11.40,           0,   uW/m^2*Sr,
2010-03-10 18:29:06,          20,           1,        1023,           1,        -272,       22.50,           0,           0,       11.40,           0,   uW/m^2*Sr,
2010-03-10 18:29:16,          20,           1,        1023,           1,        -272,       22.50,           0,           0,       11.40,           0,   uW/m^2*Sr,
2010-03-10 18:29:27,          20,           0,        1023,           1,        -272,       22.50,           0,           0,       11.40,           0,   uW/m^2*Sr,
2010-03-10 18:29:33,          20,           1,        1023,           1,        -272,       22.50,           0,           0,       11.40,           0,   uW/m^2*Sr,
2010-03-10 18:29:45,          20,           0,        1023,           1,        -272,       22.50,           0,           0,       11.40,           0,   uW/m^2*Sr,
2010-03-10 18:29:56,          20,           1,        1023,           1,        -272,       22.50,           0,           0,       11.40,           0,   uW/m^2*Sr,
2010-03-10 18:30:03,          20,           1,        1023,           1,        -272,       22.50,           0,           0,       11.40,           0,   uW/m^2*Sr,
2010-03-10 18:30:10,          20,           1,        1023,           1,        -272,       22.50,           0,           0,       11.40,           0,   uW/m^2*Sr,
2010-03-10 18:30:26,          20,           0,        1023,           1,        -272,       22.50,           0,           0,       11.40,           0,   uW/m^2*Sr,
2010-03-10 18:30:32,          20,           0,        1023,           1,        -272,       22.50,           0,           0,       11.40,           0,   uW/m^2*Sr,
2010-03-10 18:30:38,          20,           0,        1023,           1,        -272,       22.50,           0,           0,       11.40,           0,   uW/m^2*Sr,
2010-03-10 18:30:48,          20,           0,        1023,           1,        -272,       22.50,           0,           0,       11.40,           0,   uW/m^2*Sr,
2010-03-10 18:31:02,          16,           0,        1023,           1,        -272,       22.50,           0,           0,        8.87,           0,   uW/m^2*Sr,
2010-03-10 18:31:10,          16,           0,        1023,           1,        -272,       22.50,           0,           0,        8.87,           0,   uW/m^2*Sr,
2010-03-10 18:31:21,          16,           0,        1023,           1,        -272,       22.50,           0,           0,        8.87,           0,   uW/m^2*Sr,
2010-03-10 18:31:30,          16,           0,        1023,           1,        -272,       22.50,           0,           0,        8.87,           0,   uW/m^2*Sr,
2010-03-10 18:31:35,          16,           0,        1023,           1,        -272,       22.50,           0,           0,        8.87,           0,   uW/m^2*Sr,
2010-03-10 18:31:52,          16,           0,        1023,           1,        -272,       22.50,           0,           0,        8.87,           0,   uW/m^2*Sr,
2010-03-10 18:31:58,          24,           0,        1023,           1,        -272,       22.50,           0,           0,       13.93,           0,   uW/m^2*Sr,
2010-03-10 18:32:09,          28,           0,        1023,           1,        -272,       22.50,           0,           0,       16.46,           0,   uW/m^2*Sr,
2010-03-10 18:32:17,          24,           0,        1023,           1,        -272,       22.50,           0,           0,       13.93,           0,   uW/m^2*Sr,
2010-03-10 18:32:23,          20,           0,        1023,           1,        -272,       22.50,           0,           0,       11.40,           0,   uW/m^2*Sr,
2010-03-10 18:32:38,          16,           0,        1023,           1,        -272,       22.50,           0,           0,        8.87,           0,   uW/m^2*Sr,
2010-03-10 18:32:45,          16,           0,        1023,           1,        -272,       22.50,           0,           0,        8.87,           0,   uW/m^2*Sr,
2010-03-10 18:32:59,          20,           0,        1023,           1,        -272,       22.50,           0,           0,       11.40,           0,   uW/m^2*Sr,
2010-03-10 18:33:03,          28,           0,        1023,           1,        -272,       22.50,           0,           0,       16.46,           0,   uW/m^2*Sr,
2010-03-10 18:33:15,          32,           0,        1023,           1,        -272,       22.50,           0,           0,       19.00,           0,   uW/m^2*Sr,
2010-03-10 18:33:24,          20,           0,        1023,           1,        -272,       22.50,           0,           0,       11.40,           0,   uW/m^2*Sr,
2010-03-10 18:33:29,          20,           0,        1023,           1,        -272,       22.50,           0,           0,       11.40,           0,   uW/m^2*Sr,
2010-03-10 18:33:38,          24,           0,        1023,           1,        -272,       22.50,           0,           0,       13.93,           0,   uW/m^2*Sr,
2010-03-10 18:33:56,          24,           0,        1023,           1,        -272,       22.50,           0,           0,       13.93,           0,   uW/m^2*Sr,
2010-03-10 18:34:05,          20,           0,        1023,           1,        -272,       22.50,           0,           0,       11.40,           0,   uW/m^2*Sr,
2010-03-10 18:34:10,          20,           0,        1023,           1,        -272,       22.50,           0,           0,       11.40,           0,   uW/m^2*Sr,
2010-03-10 18:34:21,          24,           0,        1023,           1,        -272,       22.50,           0,           0,       13.93,           0,   uW/m^2*Sr,
2010-03-10 18:34:26,          20,           0,        1023,           1,        -272,       22.50,           0,           0,       11.40,           0,   uW/m^2*Sr,
2010-03-10 18:34:40,          20,           0,        1023,           1,        -272,       22.50,           0,           0,       11.40,           0,   uW/m^2*Sr,
2010-03-10 18:34:47,          16,           0,        1023,           1,        -272,       22.50,           0,           0,        8.87,           0,   uW/m^2*Sr,
2010-03-10 18:35:02,          16,           0,        1023,           1,        -272,       22.50,           0,           0,        8.87,           0,   uW/m^2*Sr,
2010-03-10 18:35:10,          16,           0,        1023,           1,        -272,       22.50,           0,           0,        8.87,           0,   uW/m^2*Sr,
2010-03-10 18:35:12,          20,           0,        1023,           1,        -272,       22.50,           0,           0,       11.40,           0,   uW/m^2*Sr,
2010-03-10 18:35:24,          20,           0,        1023,           1,        -272,       22.50,           0,           0,       11.40,           0,   uW/m^2*Sr,
2010-03-10 18:35:32,          20,           0,        1023,           1,        -272,       22.50,           0,           0,       11.40,           0,   uW/m^2*Sr,
2010-03-10 18:35:46,          28,           0,        1023,           1,        -272,       22.50,           0,           0,       16.46,           0,   uW/m^2*Sr,
2010-03-10 18:35:53,          60,           0,        1023,           1,        -272,       22.50,           0,           0,       36.73,           0,   uW/m^2*Sr,
2010-03-10 18:36:07,         148,           0,        1023,           1,        -272,       22.50,           0,           0,       92.45,           0,   uW/m^2*Sr,
2010-03-10 18:36:09,         156,           0,        1023,           1,        -272,       22.50,           0,           0,       97.51,           0,   uW/m^2*Sr,
2010-03-10 18:36:21,         132,           0,        1023,           1,        -272,       22.50,           0,           0,       82.32,           0,   uW/m^2*Sr,
2010-03-10 18:36:36,         108,           0,        1023,           1,        -272,       22.50,           0,           0,       67.12,           0,   uW/m^2*Sr,
2010-03-10 18:36:43,          96,           0,        1023,           1,        -272,       22.50,           0,           0,       59.52,           0,   uW/m^2*Sr,
2010-03-10 18:36:50,          92,           0,        1023,           1,        -272,       22.50,           0,           0,       56.99,           0,   uW/m^2*Sr,
2010-03-10 18:37:05,         100,           0,        1023,           1,        -272,       22.50,           0,           0,       62.06,           0,   uW/m^2*Sr,
2010-03-10 18:37:11,         112,           0,        1023,           1,        -272,       22.50,           0,           0,       69.65,           0,   uW/m^2*Sr,
2010-03-10 18:37:18,         112,           0,        1023,           1,        -272,       22.50,           0,           0,       69.65,           0,   uW/m^2*Sr,
2010-03-10 18:37:33,         160,           0,        1023,           1,        -272,       22.50,           0,           0,      100.05,           0,   uW/m^2*Sr,
2010-03-10 18:37:37,         220,           0,        1023,           1,        -272,       22.50,           0,           0,      138.04,           0,   uW/m^2*Sr,
2010-03-10 18:37:48,         204,           0,        1023,           1,        -272,       22.50,           0,           0,      127.91,           0,   uW/m^2*Sr,
2010-03-10 18:38:00,         184,           0,        1023,           1,        -272,       22.50,           0,           0,      115.24,           0,   uW/m^2*Sr,
2010-03-10 18:38:08,         184,           0,        1023,           1,        -272,       22.50,           0,           0,      115.24,           0,   uW/m^2*Sr,
2010-03-10 18:38:20,         188,           0,        1023,           1,        -272,       22.50,           0,           0,      117.78,           0,   uW/m^2*Sr,
2010-03-10 18:38:29,         204,           0,        1023,           1,        -272,       22.50,           0,           0,      127.91,           0,   uW/m^2*Sr,
2010-03-10 18:38:35,         200,           0,        1023,           1,        -272,       22.50,           0,           0,      125.38,           0,   uW/m^2*Sr,
2010-03-10 18:38:46,         216,           0,        1023,           1,        -272,       22.50,           0,           0,      135.51,           0,   uW/m^2*Sr,
2010-03-10 18:38:59,         240,           0,        1023,           1,        -272,       22.50,           0,           0,      150.70,           0,   uW/m^2*Sr,
2010-03-10 18:39:05,         252,           0,        1023,           1,        -272,       22.50,           0,           0,      158.30,           0,   uW/m^2*Sr,
2010-03-10 18:39:18,         248,           0,        1023,           1,        -272,       22.50,           0,           0,      155.77,           0,   uW/m^2*Sr,
2010-03-10 18:39:26,         212,           0,        1023,           1,        -272,       22.50,           0,           0,      132.97,           0,   uW/m^2*Sr,
2010-03-10 18:39:35,         200,           0,        1023,           1,        -272,       22.50,           0,           0,      125.38,           0,   uW/m^2*Sr,
2010-03-10 18:39:46,         204,           0,        1023,           1,        -272,       22.50,           0,           0,      127.91,           0,   uW/m^2*Sr,
2010-03-10 18:39:49,         208,           0,        1023,           1,        -272,       22.50,           0,           0,      130.44,           0,   uW/m^2*Sr,
2010-03-10 18:40:01,         184,           0,        1023,           1,        -272,       22.50,           0,           0,      115.24,           0,   uW/m^2*Sr,
2010-03-10 18:40:15,         124,           0,        1023,           1,        -272,       22.50,           0,           0,       77.25,           0,   uW/m^2*Sr,
2010-03-10 18:40:17,         112,           0,        1023,           1,        -272,       22.50,           0,           0,       69.65,           0,   uW/m^2*Sr,
2010-03-10 18:40:29,         112,           0,        1023,           1,        -272,       22.50,           0,           0,       69.65,           0,   uW/m^2*Sr,
2010-03-10 18:40:38,         120,           0,        1023,           1,        -272,       22.50,           0,           0,       74.72,           0,   uW/m^2*Sr,
2010-03-10 18:40:45,         144,           0,        1023,           1,        -272,       22.50,           0,           0,       89.92,           0,   uW/m^2*Sr,
2010-03-10 18:40:58,         144,           0,        1023,           1,        -272,       22.50,           0,           0,       89.92,           0,   uW/m^2*Sr,
2010-03-10 18:41:13,         160,           0,        1023,           1,        -272,       22.50,           0,           0,      100.05,           0,   uW/m^2*Sr,
2010-03-10 18:41:52,         176,           0,        1023,           1,        -272,       22.50,           0,           0,      110.18,           0,   uW/m^2*Sr,
2010-03-10 18:42:29,         216,           0,        1023,           1,        -272,       22.50,           0,           0,      135.51,           0,   uW/m^2*Sr,
2010-03-10 18:42:34,         224,           0,        1023,           1,        -272,       22.50,           0,           0,      140.57,           0,   uW/m^2*Sr,
2010-03-10 18:43:21,         204,           0,        1023,           1,        -272,       22.50,           0,           0,      127.91,           0,   uW/m^2*Sr,
2010-03-10 18:43:22,         180,           0,        1023,           1,        -272,       22.50,           0,           0,      112.71,           0,   uW/m^2*Sr,
2010-03-10 18:43:44,         176,           0,        1023,           1,        -272,       22.50,           0,           0,      110.18,           0,   uW/m^2*Sr,
2010-03-10 18:44:09,         168,           0,        1023,           1,        -272,       22.50,           0,           0,      105.11,           0,   uW/m^2*Sr,
2010-03-10 18:44:33,         152,           0,        1023,           1,        -272,       22.50,           0,           0,       94.98,           0,   uW/m^2*Sr,
2010-03-10 18:44:54,         132,           0,        1023,           1,        -272,       22.50,           0,           0,       82.32,           0,   uW/m^2*Sr,
2010-03-10 18:45:23,         128,           0,        1023,           1,        -272,       22.50,           0,           0,       79.78,           0,   uW/m^2*Sr,
2010-03-10 18:45:46,         132,           0,        1023,           1,        -272,       22.50,           0,           0,       82.32,           0,   uW/m^2*Sr,
2010-03-10 18:45:52,         120,           0,        1023,           1,        -272,       22.50,           0,           0,       74.72,           0,   uW/m^2*Sr,
2010-03-10 18:46:18,         112,           0,        1023,           1,        -272,       22.50,           0,           0,       69.65,           0,   uW/m^2*Sr,
2010-03-10 18:46:43,         104,           0,        1023,           1,        -272,       22.50,           0,           0,       64.59,           0,   uW/m^2*Sr,
2010-03-10 18:47:03,          96,           0,        1023,           1,        -272,       22.50,           0,           0,       59.52,           0,   uW/m^2*Sr,
2010-03-10 18:47:16,          88,           0,        1023,           1,        -272,       22.50,           0,           0,       54.46,           0,   uW/m^2*Sr,
2010-03-10 18:47:59,          84,           0,        1023,           1,        -272,       22.50,           0,           0,       51.92,           0,   uW/m^2*Sr,
2010-03-10 18:48:15,          84,           0,        1023,           1,        -272,       22.50,           0,           0,       51.92,           0,   uW/m^2*Sr,
2010-03-10 18:48:22,          84,           0,        1023,           1,        -272,       22.50,           0,           0,       51.92,           0,   uW/m^2*Sr,
2010-03-10 18:48:59,          84,           0,        1023,           1,        -272,       22.50,           0,           0,       51.92,           0,   uW/m^2*Sr,
2010-03-10 18:49:22,          80,           0,        1023,           1,        -272,       22.50,           0,           0,       49.39,           0,   uW/m^2*Sr,
2010-03-10 18:49:34,          80,           0,        1023,           1,        -272,       22.50,           0,           0,       49.39,           0,   uW/m^2*Sr,
2010-03-10 18:50:03,          84,           0,        1023,           1,        -272,       22.50,           0,           0,       51.92,           0,   uW/m^2*Sr,
2010-03-10 18:50:25,          84,           0,        1023,           1,        -272,       22.50,           0,           0,       51.92,           0,   uW/m^2*Sr,
2010-03-10 18:50:46,          80,           0,        1023,           1,        -272,       22.50,           0,           0,       49.39,           0,   uW/m^2*Sr,
2010-03-10 18:51:10,          80,           0,        1023,           1,        -272,       22.50,           0,           0,       49.39,           0,   uW/m^2*Sr,
2010-03-10 18:51:15,          76,           0,        1023,           1,        -272,       22.50,           0,           0,       46.86,           0,   uW/m^2*Sr,
2010-03-10 18:51:37,          76,           0,        1023,           1,        -272,       22.50,           0,           0,       46.86,           0,   uW/m^2*Sr,
2010-03-10 18:51:54,          76,           0,        1023,           1,        -272,       22.50,           0,           0,       46.86,           0,   uW/m^2*Sr,
2010-03-10 18:52:16,          80,           0,        1023,           1,        -272,       22.50,           0,           0,       49.39,           0,   uW/m^2*Sr,
2010-03-10 18:52:39,          80,           0,        1023,           1,        -272,       22.50,           0,           0,       49.39,           0,   uW/m^2*Sr,
2010-03-10 18:52:58,          80,           0,        1023,           1,        -272,       22.50,           0,           0,       49.39,           0,   uW/m^2*Sr,
2010-03-10 18:53:32,          72,           0,        1023,           1,        -272,       22.50,           0,           0,       44.33,           0,   uW/m^2*Sr,
2010-03-10 18:53:51,          72,           0,        1023,           1,        -272,       22.50,           0,           0,       44.33,           0,   uW/m^2*Sr,
2010-03-10 18:54:00,          72,           0,        1023,           1,        -272,       22.50,           0,           0,       44.33,           0,   uW/m^2*Sr,
2010-03-10 18:54:28,          72,           0,        1023,           1,        -272,       22.50,           0,           0,       44.33,           0,   uW/m^2*Sr,
2010-03-10 18:54:57,          72,           0,        1023,           1,        -272,       22.50,           0,           0,       44.33,           0,   uW/m^2*Sr,
2010-03-10 18:55:00,          68,           0,        1023,           1,        -272,       22.50,           0,           0,       41.79,           0,   uW/m^2*Sr,
2010-03-10 18:55:20,          68,           0,        1023,           1,        -272,       22.50,           0,           0,       41.79,           0,   uW/m^2*Sr,
2010-03-10 18:55:50,          68,           0,        1023,           1,        -272,       22.50,           0,           0,       41.79,           0,   uW/m^2*Sr,
2010-03-10 18:56:22,          64,           0,        1023,           1,        -272,       22.50,           0,           0,       39.26,           0,   uW/m^2*Sr,
2010-03-10 18:56:43,          64,           1,        1023,           1,        -272,       22.50,           0,           0,       39.26,           0,   uW/m^2*Sr,
2010-03-10 18:56:55,          64,           1,        1023,           1,        -272,       22.50,           0,           0,       39.26,           0,   uW/m^2*Sr,
2010-03-10 18:57:04,          60,           1,        1023,           1,        -272,       22.50,           0,           0,       36.73,           0,   uW/m^2*Sr,
2010-03-10 18:57:20,          56,           1,        1023,           1,        -272,       22.50,           0,           0,       34.19,           0,   uW/m^2*Sr,
2010-03-10 18:57:26,          56,           1,        1023,           1,        -272,       22.50,           0,           0,       34.19,           0,   uW/m^2*Sr,
2010-03-10 18:57:34,          56,           1,        1023,           1,        -272,       22.50,           0,           0,       34.19,           0,   uW/m^2*Sr,
2010-03-10 18:57:51,          56,           1,        1023,           1,        -272,       22.50,           0,           0,       34.19,           0,   uW/m^2*Sr,
2010-03-10 18:58:05,          60,           1,        1023,           1,        -272,       22.50,           0,           0,       36.73,           0,   uW/m^2*Sr,
2010-03-10 18:58:14,          60,           1,        1023,           1,        -272,       22.50,           0,           0,       36.73,           0,   uW/m^2*Sr,
2010-03-10 18:58:27,          68,           1,        1023,           1,        -272,       22.50,           0,           0,       41.79,           0,   uW/m^2*Sr,
2010-03-10 18:58:36,          68,           1,        1023,           1,        -272,       22.50,           0,           0,       41.79,           0,   uW/m^2*Sr,
2010-03-10 18:58:48,          68,           1,        1023,           1,        -272,       22.50,           0,           0,       41.79,           0,   uW/m^2*Sr,
2010-03-10 18:58:49,          68,           1,        1023,           1,        -272,       22.50,           0,           0,       41.79,           0,   uW/m^2*Sr,
2010-03-10 18:59:03,          68,           0,        1023,           1,        -272,       22.50,           0,           0,       41.79,           0,   uW/m^2*Sr,
2010-03-10 18:59:08,          68,           0,        1023,           1,        -272,       22.50,           0,           0,       41.79,           0,   uW/m^2*Sr,
2010-03-10 18:59:24,          68,           0,        1023,           1,        -272,       22.50,           0,           0,       41.79,           0,   uW/m^2*Sr,
2010-03-10 18:59:31,          68,           0,        1023,           1,        -272,       22.50,           0,           0,       41.79,           0,   uW/m^2*Sr,
2010-03-10 18:59:40,          68,           0,        1023,           1,        -272,       22.50,           0,           0,       41.79,           0,   uW/m^2*Sr,
2010-03-10 18:59:54,          72,           0,        1023,           1,        -272,       22.50,           0,           0,       44.33,           0,   uW/m^2*Sr,
2010-03-10 18:59:59,          72,           0,        1023,           1,        -272,       22.50,           0,           0,       44.33,           0,   uW/m^2*Sr,
2010-03-10 19:00:09,          72,           0,        1023,           1,        -272,       22.50,           0,           0,       44.33,           0,   uW/m^2*Sr,
2010-03-10 19:00:17,          72,           0,        1023,           1,        -272,       22.50,           0,           0,       44.33,           0,   uW/m^2*Sr,
2010-03-10 19:00:31,          72,           0,        1023,           1,        -272,       22.50,           0,           0,       44.33,           0,   uW/m^2*Sr,
2010-03-10 19:00:37,          72,           0,        1023,           1,        -272,       22.50,           0,           0,       44.33,           0,   uW/m^2*Sr,
2010-03-10 19:00:51,          72,           0,        1023,           1,        -272,       22.50,           0,           0,       44.33,           0,   uW/m^2*Sr,
2010-03-10 19:01:00,          68,           0,        1023,           1,        -272,       22.50,           0,           0,       41.79,           0,   uW/m^2*Sr,
2010-03-10 19:01:11,          72,           0,        1023,           1,        -272,       22.50,           0,           0,       44.33,           0,   uW/m^2*Sr,
2010-03-10 19:01:21,          68,           0,        1023,           1,        -272,       22.50,           0,           0,       41.79,           0,   uW/m^2*Sr,
2010-03-10 19:01:31,          68,           0,        1023,           1,        -272,       22.50,           0,           0,       41.79,           0,   uW/m^2*Sr,
2010-03-10 19:01:32,          64,           0,        1023,           1,        -272,       22.50,           0,           0,       39.26,           0,   uW/m^2*Sr,
2010-03-10 19:01:45,          64,           0,        1023,           1,        -272,       22.50,           0,           0,       39.26,           0,   uW/m^2*Sr,
2010-03-10 19:01:57,          60,           0,        1023,           1,        -272,       22.50,           0,           0,       36.73,           0,   uW/m^2*Sr,
2010-03-10 19:02:04,          60,           0,        1023,           1,        -272,       22.50,           0,           0,       36.73,           0,   uW/m^2*Sr,
2010-03-10 19:02:17,          56,           0,        1023,           1,        -272,       22.50,           0,           0,       34.19,           0,   uW/m^2*Sr,
2010-03-10 19:02:23,          56,           1,        1023,           1,        -272,       22.50,           0,           0,       34.19,           0,   uW/m^2*Sr,
2010-03-10 19:02:34,          52,           1,        1023,           1,        -272,       22.50,           0,           0,       31.66,           0,   uW/m^2*Sr,
2010-03-10 19:02:46,          52,           1,        1023,           1,        -272,       22.50,           0,           0,       31.66,           0,   uW/m^2*Sr,
2010-03-10 19:02:55,          48,           1,        1023,           1,        -272,       22.50,           0,           0,       29.13,           0,   uW/m^2*Sr,
2010-03-10 19:03:05,          48,           1,        1023,           1,        -272,       22.50,           0,           0,       29.13,           0,   uW/m^2*Sr,
2010-03-10 19:03:06,          48,           1,        1023,           1,        -272,       22.50,           0,           0,       29.13,           0,   uW/m^2*Sr,
2010-03-10 19:03:17,          48,           1,        1023,           1,        -272,       22.50,           0,           0,       29.13,           0,   uW/m^2*Sr,
2010-03-10 19:03:32,          44,           1,        1023,           1,        -272,       22.50,           0,           0,       26.60,           0,   uW/m^2*Sr,
2010-03-10 19:03:39,          48,           1,        1023,           1,        -272,       22.50,           0,           0,       29.13,           0,   uW/m^2*Sr,
2010-03-10 19:03:46,          48,           1,        1023,           1,        -272,       22.50,           0,           0,       29.13,           0,   uW/m^2*Sr,
2010-03-10 19:04:00,          48,           1,        1023,           1,        -272,       22.50,           0,           0,       29.13,           0,   uW/m^2*Sr,
2010-03-10 19:04:03,          48,           1,        1023,           1,        -272,       22.50,           0,           0,       29.13,           0,   uW/m^2*Sr,
2010-03-10 19:04:17,          48,           1,        1023,           1,        -272,       22.50,           0,           0,       29.13,           0,   uW/m^2*Sr,
2010-03-10 19:04:25,          48,           1,        1023,           1,        -272,       22.50,           0,           0,       29.13,           0,   uW/m^2*Sr,
2010-03-10 19:04:35,          44,           1,        1023,           1,        -272,       22.50,           0,           0,       26.60,           0,   uW/m^2*Sr,
2010-03-10 19:04:43,          44,           1,        1023,           1,        -272,       22.50,           0,           0,       26.60,           0,   uW/m^2*Sr,
2010-03-10 19:04:56,          44,           1,        1023,           1,        -272,       22.50,           0,           0,       26.60,           0,   uW/m^2*Sr,
2010-03-10 19:05:03,          44,           1,        1023,           1,        -272,       22.50,           0,           0,       26.60,           0,   uW/m^2*Sr,
2010-03-10 19:05:15,          44,           1,        1023,           1,        -272,       22.50,           0,           0,       26.60,           0,   uW/m^2*Sr,
2010-03-10 19:05:22,          44,           1,        1023,           1,        -272,       22.50,           0,           0,       26.60,           0,   uW/m^2*Sr,
2010-03-10 19:05:33,          44,           1,        1023,           1,        -272,       22.50,           0,           0,       26.60,           0,   uW/m^2*Sr,
2010-03-10 19:05:42,          44,           1,        1023,           1,        -272,       22.50,           0,           0,       26.60,           0,   uW/m^2*Sr,
2010-03-10 19:05:51,          44,           1,        1023,           1,        -272,       22.50,           0,           0,       26.60,           0,   uW/m^2*Sr,
2010-03-10 19:06:02,          44,           1,        1023,           1,        -272,       22.50,           0,           0,       26.60,           0,   uW/m^2*Sr,
2010-03-10 19:06:17,          40,           1,        1023,           1,        -272,       22.50,           0,           0,       24.06,           0,   uW/m^2*Sr,
2010-03-10 19:06:18,          40,           1,        1023,           1,        -272,       22.50,           0,           0,       24.06,           0,   uW/m^2*Sr,
2010-03-10 19:06:31,          40,           1,        1023,           1,        -272,       22.50,           0,           0,       24.06,           0,   uW/m^2*Sr,
2010-03-10 19:06:39,          40,           1,        1023,           1,        -272,       22.50,           0,           0,       24.06,           0,   uW/m^2*Sr,
2010-03-10 19:06:46,          40,           1,        1023,           1,        -272,       22.50,           0,           0,       24.06,           0,   uW/m^2*Sr,
2010-03-10 19:07:01,          40,           1,        1023,           1,        -272,       22.50,           0,           0,       24.06,           0,   uW/m^2*Sr,
2010-03-10 19:07:09,          40,           1,        1023,           1,        -272,       22.50,           0,           0,       24.06,           0,   uW/m^2*Sr,
2010-03-10 19:07:17,          40,           1,        1023,           1,        -272,       22.50,           0,           0,       24.06,           0,   uW/m^2*Sr,
2010-03-10 19:07:27,          40,           1,        1023,           1,        -272,       22.50,           0,           0,       24.06,           0,   uW/m^2*Sr,
2010-03-10 19:07:35,          40,           1,        1023,           1,        -272,       22.50,           0,           0,       24.06,           0,   uW/m^2*Sr,
2010-03-10 19:07:46,          40,           1,        1023,           1,        -272,       22.50,           0,           0,       24.06,           0,   uW/m^2*Sr,
2010-03-10 19:07:57,          40,           1,        1023,           1,        -272,       22.50,           0,           0,       24.06,           0,   uW/m^2*Sr,
2010-03-10 19:08:10,          44,           1,        1023,           1,        -272,       22.50,           0,           0,       26.60,           0,   uW/m^2*Sr,
2010-03-10 19:08:13,          44,           1,        1023,           1,        -272,       22.50,           0,           0,       26.60,           0,   uW/m^2*Sr,
2010-03-10 19:08:26,          44,           1,        1023,           1,        -272,       22.50,           0,           0,       26.60,           0,   uW/m^2*Sr,
2010-03-10 19:08:35,          48,           2,        1023,           1,        -272,       22.50,           0,           0,       29.13,           0,   uW/m^2*Sr,
2010-03-10 19:12:14,          40,           1,        1023,           1,        -272,       22.50,           0,           0,       24.06,           0,   uW/m^2*Sr,
2010-03-10 19:12:23,          36,           1,        1023,           1,        -272,       22.50,           0,           0,       21.53,           0,   uW/m^2*Sr,
2010-03-10 19:12:31,          36,           1,        1023,           1,        -272,       22.50,           0,           0,       21.53,           0,   uW/m^2*Sr,
2010-03-10 19:12:42,          36,           1,        1023,           1,        -272,       22.50,           0,           0,       21.53,           0,   uW/m^2*Sr,
2010-03-10 19:12:48,          36,           1,        1023,           1,        -272,       22.50,           0,           0,       21.53,           0,   uW/m^2*Sr,
2010-03-10 19:15:36,          40,           1,        1023,           1,        -272,       22.50,           0,           0,       24.06,           0,   uW/m^2*Sr,
2010-03-10 19:16:13,          36,           1,        1023,           1,        -272,       22.50,           0,           0,       21.53,           0,   uW/m^2*Sr,
2010-03-10 19:16:24,          36,           1,        1023,           1,        -272,       22.50,           0,           0,       21.53,           0,   uW/m^2*Sr,
2010-03-10 19:16:35,          36,           1,        1023,           1,        -272,       22.50,           0,           0,       21.53,           0,   uW/m^2*Sr,
2010-03-10 19:16:42,          36,           1,        1023,           1,        -272,       22.50,           0,           0,       21.53,           0,   uW/m^2*Sr,
2010-03-10 19:17:10,          40,           1,        1023,           1,        -272,       22.50,           0,           0,       24.06,           0,   uW/m^2*Sr,
2010-03-10 19:17:21,          44,           1,        1023,           1,        -272,       22.50,           0,           0,       26.60,           0,   uW/m^2*Sr,
2010-03-10 19:17:38,          56,           1,        1023,           1,        -272,       22.50,           0,           0,       34.19,           0,   uW/m^2*Sr,
2010-03-10 19:17:50,          60,           1,        1023,           1,        -272,       22.50,           0,           0,       36.73,           0,   uW/m^2*Sr,
2010-03-10 19:17:58,          56,           1,        1023,           1,        -272,       22.50,           0,           0,       34.19,           0,   uW/m^2*Sr,
2010-03-10 19:18:00,          52,           1,        1023,           1,        -272,       22.50,           0,           0,       31.66,           0,   uW/m^2*Sr,
2010-03-10 19:18:19,          52,           1,        1023,           1,        -272,       22.50,           0,           0,       31.66,           0,   uW/m^2*Sr,
2010-03-10 19:18:22,          52,           1,        1023,           1,        -272,       22.50,           0,           0,       31.66,           0,   uW/m^2*Sr,
2010-03-10 19:18:36,          52,           1,        1023,           1,        -272,       22.50,           0,           0,       31.66,           0,   uW/m^2*Sr,
2010-03-10 19:18:45,          52,           1,        1023,           1,        -272,       22.50,           0,           0,       31.66,           0,   uW/m^2*Sr,
2010-03-10 19:18:55,          52,           1,        1023,           1,        -272,       22.50,           0,           0,       31.66,           0,   uW/m^2*Sr,
2010-03-10 19:19:05,          52,           1,        1023,           1,        -272,       22.50,           0,           0,       31.66,           0,   uW/m^2*Sr,
2010-03-10 19:19:15,          52,           1,        1023,           1,        -272,       22.50,           0,           0,       31.66,           0,   uW/m^2*Sr,
2010-03-10 19:19:24,          52,           1,        1023,           1,        -272,       22.50,           0,           0,       31.66,           0,   uW/m^2*Sr,
2010-03-10 19:19:29,          52,           1,        1023,           1,        -272,       22.50,           0,           0,       31.66,           0,   uW/m^2*Sr,
2010-03-10 19:19:36,          52,           1,        1023,           1,        -272,       22.50,           0,           0,       31.66,           0,   uW/m^2*Sr,
2010-03-10 19:19:53,          52,           1,        1023,           1,        -272,       22.50,           0,           0,       31.66,           0,   uW/m^2*Sr,
2010-03-10 19:19:59,          52,           1,        1023,           1,        -272,       22.50,           0,           0,       31.66,           0,   uW/m^2*Sr,
2010-03-10 19:20:08,          52,           1,        1023,           1,        -272,       22.50,           0,           0,       31.66,           0,   uW/m^2*Sr,
2010-03-10 19:20:16,          52,           1,        1023,           1,        -272,       22.50,           0,           0,       31.66,           0,   uW/m^2*Sr,
2010-03-10 19:20:31,          52,           1,        1023,           1,        -272,       22.50,           0,           0,       31.66,           0,   uW/m^2*Sr,
2010-03-10 19:20:41,          48,           1,        1023,           1,        -272,       22.50,           0,           0,       29.13,           0,   uW/m^2*Sr,
