BZN2 
UTC,PMT5577DN,PD1DN,PMTGV,PMTS,TMP,SETTMP,TEPWR,TEDIR,PMT5577rad,PD1rad,rad_units,
2010-06-08 14:55:46,        1023,           0,           0,           1,       25.30,       22.50,           0,           0,           0,           0,   uW/m^2*Sr,
2010-06-08 14:56:36,        1023,           0,           0,           1,       25.20,       22.50,           0,           0,           0,           0,   uW/m^2*Sr,
2010-06-08 14:57:51,        1023,           0,           0,           1,       25.20,       22.50,           0,           0,           0,           0,   uW/m^2*Sr,
2010-06-08 15:00:01,        1023,           0,           0,           1,       25.30,       22.50,           0,           0,           0,           0,   uW/m^2*Sr,
2010-06-08 15:00:06,        1023,           0,           0,           1,       25.30,       22.50,           0,           0,           0,           0,   uW/m^2*Sr,
2010-06-08 15:02:11,        1023,           0,           0,           1,       25.20,       22.50,           0,           0,           0,           0,   uW/m^2*Sr,
2010-06-08 15:04:21,        1023,           0,           0,           1,       25.30,       22.50,           0,           0,           0,           0,   uW/m^2*Sr,
2010-06-08 15:04:26,        1023,           0,           0,           1,       25.30,       22.50,           0,           0,           0,           0,   uW/m^2*Sr,
2010-06-08 15:04:31,        1023,           0,           0,           1,       25.30,       22.50,           0,           0,           0,           0,   uW/m^2*Sr,
2010-06-08 15:06:31,        1023,           0,           0,           1,       25.30,       22.50,           0,           0,           0,           0,   uW/m^2*Sr,
2010-06-08 15:06:36,        1023,           0,           0,           1,       25.30,       22.50,           0,           0,           0,           0,   uW/m^2*Sr,
2010-06-08 15:08:36,        1023,           0,           0,           1,       25.30,       22.50,           0,           0,           0,           0,   uW/m^2*Sr,
2010-06-08 15:08:41,        1023,           0,           0,           1,       25.30,       22.50,           0,           0,           0,           0,   uW/m^2*Sr,
2010-06-08 15:08:46,        1023,           0,           0,           1,       25.30,       22.50,           0,           0,           0,           0,   uW/m^2*Sr,
2010-06-08 15:10:46,        1023,           0,           0,           1,       25.30,       22.50,           0,           0,           0,           0,   uW/m^2*Sr,
2010-06-08 15:10:51,        1023,           0,           0,           1,       25.10,       22.50,           0,           0,           0,           0,   uW/m^2*Sr,
2010-06-08 15:10:56,        1023,           0,           0,           1,       25.20,       22.50,           0,           0,           0,           0,   uW/m^2*Sr,
2010-06-08 15:12:56,        1023,           0,           0,           1,       25.10,       22.50,           0,           0,           0,           0,   uW/m^2*Sr,
2010-06-08 15:13:01,        1023,           0,           0,           1,       25.10,       22.50,           0,           0,           0,           0,   uW/m^2*Sr,
2010-06-08 15:13:06,        1023,           0,           0,           1,       25.10,       22.50,           0,           0,           0,           0,   uW/m^2*Sr,
2010-06-08 15:15:06,        1023,           0,           0,           1,       25.20,       22.50,           0,           0,           0,           0,   uW/m^2*Sr,
2010-06-08 15:15:16,        1023,           0,           0,           1,       25.20,       22.50,           0,           0,           0,           0,   uW/m^2*Sr,
2010-06-08 15:17:16,        1023,           0,           0,           1,       25.30,       22.50,           0,           0,           0,           0,   uW/m^2*Sr,
2010-06-08 15:17:21,        1023,           0,           0,           1,       25.30,       22.50,           0,           0,           0,           0,   uW/m^2*Sr,
2010-06-08 15:17:26,        1023,           0,           0,           1,       25.30,       22.50,           0,           0,           0,           0,   uW/m^2*Sr,
2010-06-08 15:19:26,        1023,           0,           0,           1,       25.30,       22.50,           0,           0,           0,           0,   uW/m^2*Sr,
2010-06-08 15:19:31,        1023,           0,           0,           1,       25.30,       22.50,           0,           0,           0,           0,   uW/m^2*Sr,
2010-06-08 15:19:36,        1023,           0,           0,           1,       25.30,       22.50,           0,           0,           0,           0,   uW/m^2*Sr,
2010-06-08 15:21:36,        1023,           0,           0,           1,       25.30,       22.50,           0,           0,           0,           0,   uW/m^2*Sr,
2010-06-08 15:21:41,        1023,           0,           0,           1,       25.30,       22.50,           0,           0,           0,           0,   uW/m^2*Sr,
2010-06-08 15:21:46,        1023,           0,           0,           1,       25.30,       22.50,           0,           0,           0,           0,   uW/m^2*Sr,
2010-06-08 15:23:46,        1023,           0,           0,           1,       25.30,       22.50,           0,           0,           0,           0,   uW/m^2*Sr,
2010-06-08 15:23:51,        1023,           0,           0,           1,       25.30,       22.50,           0,           0,           0,           0,   uW/m^2*Sr,
2010-06-08 15:23:56,        1023,           0,           0,           1,       25.30,       22.50,           0,           0,           0,           0,   uW/m^2*Sr,
2010-06-08 15:25:56,        1023,           0,           0,           1,       25.30,       22.50,           0,           0,           0,           0,   uW/m^2*Sr,
2010-06-08 15:26:06,        1023,           0,           0,           1,       25.30,       22.50,           0,           0,           0,           0,   uW/m^2*Sr,
2010-06-08 15:28:06,        1023,           0,           0,           1,       25.40,       22.50,           0,           0,           0,           0,   uW/m^2*Sr,
2010-06-08 15:28:16,        1023,           0,           0,           1,       25.40,       22.50,           0,           0,           0,           0,   uW/m^2*Sr,
2010-06-08 15:30:16,        1023,           0,           0,           1,       25.60,       22.50,           0,           0,           0,           0,   uW/m^2*Sr,
2010-06-08 15:30:21,        1023,           0,           0,           1,       25.60,       22.50,           0,           0,           0,           0,   uW/m^2*Sr,
2010-06-08 15:30:26,        1023,           0,           0,           1,       25.50,       22.50,           0,           0,           0,           0,   uW/m^2*Sr,
2010-06-08 15:32:26,        1023,           0,           0,           1,       25.60,       22.50,           0,           0,           0,           0,   uW/m^2*Sr,
2010-06-08 15:32:31,        1023,           0,           0,           1,       25.60,       22.50,           0,           0,           0,           0,   uW/m^2*Sr,
2010-06-08 15:32:36,        1023,           0,           0,           1,       25.60,       22.50,           0,           0,           0,           0,   uW/m^2*Sr,
2010-06-08 15:34:36,        1023,           0,           0,           1,       25.60,       22.50,           0,           0,           0,           0,   uW/m^2*Sr,
2010-06-08 15:34:46,        1023,           0,           0,           1,       25.50,       22.50,           0,           0,           0,           0,   uW/m^2*Sr,
2010-06-08 15:36:56,        1023,           0,        0.00,           1,       25.60,       22.50,           0,           0,           0,           0,   uW/m^2*Sr,
2010-06-08 15:38:56,        1023,           0,           0,           1,       25.60,       22.50,           0,           0,           0,           0,   uW/m^2*Sr,
2010-06-08 15:39:01,        1023,           0,           0,           1,       25.70,       22.50,           0,           0,           0,           0,   uW/m^2*Sr,
2010-06-08 15:39:06,        1023,           0,           0,           1,       25.60,       22.50,           0,           0,           0,           0,   uW/m^2*Sr,
2010-06-08 15:41:06,        1023,           0,           0,           1,       25.60,       22.50,           0,           0,           0,           0,   uW/m^2*Sr,
2010-06-08 15:41:11,        1023,           0,           0,           1,       25.60,       22.50,           0,           0,           0,           0,   uW/m^2*Sr,
2010-06-08 15:41:16,        1023,           0,           0,           1,       25.60,       22.50,           0,           0,           0,           0,   uW/m^2*Sr,
2010-06-08 15:43:16,        1023,           0,           0,           1,       25.60,       22.50,           0,           0,           0,           0,   uW/m^2*Sr,
2010-06-08 15:43:26,        1023,           0,           0,           1,       25.60,       22.50,           0,           0,           0,           0,   uW/m^2*Sr,
2010-06-08 15:45:26,        1023,           0,           0,           1,       25.60,       22.50,           0,           0,           0,           0,   uW/m^2*Sr,
2010-06-08 15:45:31,        1023,           0,           0,           1,       25.60,       22.50,           0,           0,           0,           0,   uW/m^2*Sr,
2010-06-08 15:47:36,        1023,           0,           0,           1,       25.50,       22.50,           0,           0,           0,           0,   uW/m^2*Sr,
2010-06-08 15:47:41,        1023,           0,           0,           1,       25.50,       22.50,           0,           0,           0,           0,   uW/m^2*Sr,
2010-06-08 15:47:46,        1023,           0,           0,           1,       25.60,       22.50,           0,           0,           0,           0,   uW/m^2*Sr,
2010-06-08 15:49:46,        1023,           0,           0,           1,       25.50,       22.50,           0,           0,           0,           0,   uW/m^2*Sr,
2010-06-08 15:49:51,        1023,           0,           0,           1,       25.50,       22.50,           0,           0,           0,           0,   uW/m^2*Sr,
2010-06-08 15:49:56,        1023,           0,           0,           1,       25.60,       22.50,           0,           0,           0,           0,   uW/m^2*Sr,
2010-06-08 15:51:56,        1023,           0,           0,           1,       25.50,       22.50,           0,           0,           0,           0,   uW/m^2*Sr,
2010-06-08 15:52:06,        1023,           0,           0,           1,       25.60,       22.50,           0,           0,           0,           0,   uW/m^2*Sr,
2010-06-08 15:54:11,        1023,           0,           0,           1,       25.50,       22.50,           0,           0,           0,           0,   uW/m^2*Sr,
2010-06-08 15:54:16,        1023,           0,           0,           1,       25.50,       22.50,           0,           0,           0,           0,   uW/m^2*Sr,
2010-06-08 15:56:21,        1023,           0,           0,           1,       25.40,       22.50,           0,           0,           0,           0,   uW/m^2*Sr,
2010-06-08 15:56:26,        1023,           0,           0,           1,       25.50,       22.50,           0,           0,           0,           0,   uW/m^2*Sr,
2010-06-08 15:58:26,        1023,           0,           0,           1,       25.70,       22.50,           0,           0,           0,           0,   uW/m^2*Sr,
2010-06-08 15:58:36,        1023,           0,           0,           1,       25.60,       22.50,           0,           0,           0,           0,   uW/m^2*Sr,
2010-06-08 16:00:36,        1023,           0,           0,           1,       25.80,       22.50,           0,           0,           0,           0,   uW/m^2*Sr,
2010-06-08 16:00:41,        1023,           0,           0,           1,       25.80,       22.50,           0,           0,           0,           0,   uW/m^2*Sr,
2010-06-08 16:02:46,        1023,           0,           0,           1,       25.60,       22.50,           0,           0,           0,           0,   uW/m^2*Sr,
2010-06-08 16:02:51,        1023,           0,           0,           1,       25.60,       22.50,           0,           0,           0,           0,   uW/m^2*Sr,
2010-06-08 16:02:56,        1023,           0,           0,           1,       25.60,       22.50,           0,           0,           0,           0,   uW/m^2*Sr,
2010-06-08 16:04:56,        1023,           0,           0,           1,       25.90,       22.50,           0,           0,           0,           0,   uW/m^2*Sr,
2010-06-08 16:07:06,        1023,           0,           0,           1,       25.90,       22.50,           0,           0,           0,           0,   uW/m^2*Sr,
2010-06-08 16:07:11,        1023,           0,           0,           1,       25.90,       22.50,           0,           0,           0,           0,   uW/m^2*Sr,
2010-06-08 16:09:16,        1023,           0,           0,           1,       25.60,       22.50,           0,           0,           0,           0,   uW/m^2*Sr,
2010-06-08 16:09:21,        1023,           0,           0,           1,       25.70,       22.50,           0,           0,           0,           0,   uW/m^2*Sr,
2010-06-08 16:15:16,           0,           0,           0,           1,       25.90,       22.50,           0,           0,           0,           0,   uW/m^2*Sr,
2010-06-08 16:34:00,           0,           0,           0,           1,       24.70,       22.50,           0,           0,           0,           0,   uW/m^2*Sr,
2010-06-08 16:38:24,           0,           0,           0,           1,          25,       22.50,           0,           0,           0,           0,   uW/m^2*Sr,
2010-06-08 16:40:29,           0,           0,           0,           1,       25.70,       22.50,           0,           0,           0,           0,   uW/m^2*Sr,
2010-06-08 16:40:34,           0,           0,           0,           1,       25.80,       22.50,           0,           0,           0,           0,   uW/m^2*Sr,
2010-06-08 16:42:39,           0,           0,           0,           1,       25.70,       22.50,           0,           0,           0,           0,   uW/m^2*Sr,
2010-06-08 16:42:44,           0,           0,           0,           1,       25.80,       22.50,           0,           0,           0,           0,   uW/m^2*Sr,
2010-06-08 16:44:49,           0,           0,           0,           1,       25.80,       22.50,           0,           0,           0,           0,   uW/m^2*Sr,
2010-06-08 16:44:54,           0,           0,           0,           1,       25.80,       22.50,           0,           0,           0,           0,   uW/m^2*Sr,
2010-06-08 16:44:59,           0,           0,           0,           1,       25.90,       22.50,           0,           0,           0,           0,   uW/m^2*Sr,
2010-06-08 16:47:04,           0,           0,           0,           1,       25.90,       22.50,           0,           0,           0,           0,   uW/m^2*Sr,
2010-06-08 16:48:04,           0,           0,           0,           1,          26,       22.50,           0,           0,           0,           0,   uW/m^2*Sr,
2010-06-08 16:48:34,           0,           0,           0,           1,       26.20,       22.50,           0,           0,           0,           0,   uW/m^2*Sr,
2010-06-08 16:49:25,           0,           0,           0,           1,       26.20,       22.50,           0,           0,           0,           0,   uW/m^2*Sr,
2010-06-08 16:49:31,           0,           0,           0,           1,       26.30,       22.50,           0,           0,           0,           0,   uW/m^2*Sr,
2010-06-08 16:50:01,           0,           0,           0,           1,       26.20,       22.50,           0,           0,           0,           0,   uW/m^2*Sr,
2010-06-08 16:50:22,           0,           0,           0,           1,       26.20,       22.50,           0,           0,           0,           0,   uW/m^2*Sr,
2010-06-08 17:02:11,         347,           0,           0,           1,       25.50,       22.50,           0,           0,           0,           0,   uW/m^2*Sr,
2010-06-08 17:02:26,         144,           0,           0,           1,       25.60,       22.50,           0,           0,           0,           0,   uW/m^2*Sr,
2010-06-08 17:02:32,         110,           0,           0,           1,       25.60,       22.50,           0,           0,           0,           0,   uW/m^2*Sr,
2010-06-08 17:02:41,          86,           0,           0,           1,       25.80,       22.50,           0,           0,           0,           0,   uW/m^2*Sr,
2010-06-08 17:03:05,          65,           0,           0,           1,       25.90,       22.50,           0,           0,           0,           0,   uW/m^2*Sr,
2010-06-08 17:03:20,          63,           0,           0,           1,       25.90,       22.50,           0,           0,           0,           0,   uW/m^2*Sr,
2010-06-08 17:03:32,          62,           0,           0,           1,          26,       22.50,           0,           0,           0,           0,   uW/m^2*Sr,
2010-06-08 17:03:44,          62,           0,           0,           1,       25.90,       22.50,           0,           0,           0,           0,   uW/m^2*Sr,
2010-06-08 17:03:59,          62,           0,           0,           1,       25.90,       22.50,           0,           0,           0,           0,   uW/m^2*Sr,
2010-06-08 17:04:17,          62,           0,           0,           1,          26,       22.50,           0,           0,           0,           0,   uW/m^2*Sr,
2010-06-08 17:04:23,          62,           0,           0,           1,          26,       22.50,           0,           0,           0,           0,   uW/m^2*Sr,
2010-06-08 17:04:32,          62,           0,           0,           1,       25.90,       22.50,           0,           0,           0,           0,   uW/m^2*Sr,
2010-06-08 17:04:59,          62,           0,           0,           1,       25.90,       22.50,           0,           0,           0,           0,   uW/m^2*Sr,
2010-06-08 17:05:05,          62,           0,           0,           1,       25.90,       22.50,           0,           0,           0,           0,   uW/m^2*Sr,
2010-06-08 17:06:02,          61,           0,           0,           1,       25.90,       22.50,           0,           0,           0,           0,   uW/m^2*Sr,
2010-06-08 17:06:29,          61,           0,           0,           1,       25.90,       22.50,           0,           0,           0,           0,   uW/m^2*Sr,
2010-06-08 17:06:35,          61,           0,           0,           1,       25.90,       22.50,           0,           0,           0,           0,   uW/m^2*Sr,
2010-06-08 17:06:59,          62,           0,           0,           1,       25.90,       22.50,           0,           0,           0,           0,   uW/m^2*Sr,
2010-06-08 17:07:23,          61,           0,           0,           1,       25.90,       22.50,           0,           0,           0,           0,   uW/m^2*Sr,
2010-06-08 17:07:32,          62,           0,           0,           1,       25.90,       22.50,           0,           0,           0,           0,   uW/m^2*Sr,
2010-06-08 17:08:35,          62,           0,           0,           1,       25.90,       22.50,           0,           0,           0,           0,   uW/m^2*Sr,
2010-06-08 17:08:38,          62,           0,           0,           1,       25.90,       22.50,           0,           0,           0,           0,   uW/m^2*Sr,
2010-06-08 17:08:41,          61,           0,           0,           1,       25.90,       22.50,           0,           0,           0,           0,   uW/m^2*Sr,
2010-06-08 17:08:44,          62,           0,           0,           1,       25.90,       22.50,           0,           0,           0,           0,   uW/m^2*Sr,
2010-06-08 17:09:02,          62,           0,           0,           1,       25.90,       22.50,           0,           0,           0,           0,   uW/m^2*Sr,
2010-06-08 17:09:17,          61,           0,           0,           1,       25.90,       22.50,           0,           0,           0,           0,   uW/m^2*Sr,
2010-06-08 17:09:26,          62,           0,           0,           1,       25.90,       22.50,           0,           0,           0,           0,   uW/m^2*Sr,
2010-06-08 17:09:32,          62,           0,           0,           1,       25.90,       22.50,           0,           0,           0,           0,   uW/m^2*Sr,
2010-06-08 17:10:17,          61,           0,           0,           1,       25.90,       22.50,           0,           0,           0,           0,   uW/m^2*Sr,
2010-06-08 17:10:47,          62,           0,           0,           1,       25.90,       22.50,           0,           0,           0,           0,   uW/m^2*Sr,
2010-06-08 17:10:50,          62,           0,           0,           1,       25.90,       22.50,           0,           0,           0,           0,   uW/m^2*Sr,
2010-06-08 17:10:53,          62,           0,           0,           1,       25.90,       22.50,           0,           0,           0,           0,   uW/m^2*Sr,
2010-06-08 17:10:56,          62,           0,           0,           1,       25.90,       22.50,           0,           0,           0,           0,   uW/m^2*Sr,
2010-06-08 17:11:02,          62,           0,           0,           1,       25.90,       22.50,           0,           0,           0,           0,   uW/m^2*Sr,
2010-06-08 17:11:56,          62,           0,           0,           1,       25.90,       22.50,           0,           0,           0,           0,   uW/m^2*Sr,
2010-06-08 17:12:59,          61,           0,           0,           1,       25.90,       22.50,           0,           0,           0,           0,   uW/m^2*Sr,
2010-06-08 17:13:02,          62,           0,           0,           1,       25.90,       22.50,           0,           0,           0,           0,   uW/m^2*Sr,
2010-06-08 17:13:05,          62,           0,           0,           1,       25.90,       22.50,           0,           0,           0,           0,   uW/m^2*Sr,
2010-06-08 17:13:14,          62,           0,           0,           1,       26.10,       22.50,           0,           0,           0,           0,   uW/m^2*Sr,
2010-06-08 17:13:59,          61,           0,           0,           1,       26.20,       22.50,           0,           0,           0,           0,   uW/m^2*Sr,
2010-06-08 17:14:14,          62,           0,           0,           1,       26.20,       22.50,           0,           0,           0,           0,   uW/m^2*Sr,
2010-06-08 17:14:29,          61,           0,           0,           1,       26.20,       22.50,           0,           0,           0,           0,   uW/m^2*Sr,
2010-06-08 17:14:35,          61,           0,           0,           1,       26.20,       22.50,           0,           0,           0,           0,   uW/m^2*Sr,
2010-06-08 17:14:44,          62,           0,           0,           1,       26.20,       22.50,           0,           0,           0,           0,   uW/m^2*Sr,
2010-06-08 17:14:53,          61,           0,           0,           1,       26.20,       22.50,           0,           0,           0,           0,   uW/m^2*Sr,
2010-06-08 17:15:11,          61,           0,           0,           1,       26.20,       22.50,           0,           0,           0,           0,   uW/m^2*Sr,
2010-06-08 17:15:17,          61,           0,           0,           1,       26.20,       22.50,           0,           0,           0,           0,   uW/m^2*Sr,
2010-06-08 17:15:44,          62,           0,           0,           1,       26.20,       22.50,           0,           0,           0,           0,   uW/m^2*Sr,
2010-06-08 17:15:53,          61,           0,           0,           1,       26.20,       22.50,           0,           0,           0,           0,   uW/m^2*Sr,
2010-06-08 17:16:05,          61,           0,           0,           1,       26.20,       22.50,           0,           0,           0,           0,   uW/m^2*Sr,
2010-06-08 17:16:14,          61,           0,           0,           1,       26.20,       22.50,           0,           0,           0,           0,   uW/m^2*Sr,
2010-06-08 17:16:23,          61,           0,           0,           1,       26.20,       22.50,           0,           0,           0,           0,   uW/m^2*Sr,
2010-06-08 17:16:53,          62,           0,           0,           1,       26.20,       22.50,           0,           0,           0,           0,   uW/m^2*Sr,
2010-06-08 17:17:17,          61,           0,           0,           1,       26.20,       22.50,           0,           0,           0,           0,   uW/m^2*Sr,
2010-06-08 17:17:23,          61,           0,           0,           1,       26.20,       22.50,           0,           0,           0,           0,   uW/m^2*Sr,
2010-06-08 17:17:26,          62,           0,           0,           1,       26.20,       22.50,           0,           0,           0,           0,   uW/m^2*Sr,
2010-06-08 17:17:56,          62,           0,           0,           1,       26.20,       22.50,           0,           0,           0,           0,   uW/m^2*Sr,
2010-06-08 17:18:05,          61,           0,           0,           1,       26.20,       22.50,           0,           0,           0,           0,   uW/m^2*Sr,
2010-06-08 17:18:11,          61,           0,           0,           1,       26.40,       22.50,           0,           0,           0,           0,   uW/m^2*Sr,
2010-06-08 17:18:23,          61,           0,           0,           1,       26.40,       22.50,           0,           0,           0,           0,   uW/m^2*Sr,
2010-06-08 17:18:44,          61,           0,           0,           1,       26.60,       22.50,           0,           0,           0,           0,   uW/m^2*Sr,
2010-06-08 17:18:56,          62,           0,           0,           1,       26.60,       22.50,           0,           0,           0,           0,   uW/m^2*Sr,
2010-06-08 17:19:11,          61,           0,           0,           1,       26.50,       22.50,           0,           0,           0,           0,   uW/m^2*Sr,
2010-06-08 17:19:26,          62,           0,           0,           1,       26.50,       22.50,           0,           0,           0,           0,   uW/m^2*Sr,
2010-06-08 17:19:29,          61,           0,           0,           1,       26.50,       22.50,           0,           0,           0,           0,   uW/m^2*Sr,
2010-06-08 17:19:32,          62,           0,           0,           1,       26.60,       22.50,           0,           0,           0,           0,   uW/m^2*Sr,
2010-06-08 17:19:35,          61,           0,           0,           1,       26.60,       22.50,           0,           0,           0,           0,   uW/m^2*Sr,
2010-06-08 17:20:11,          61,           0,           0,           1,       26.20,       22.50,           0,           0,           0,           0,   uW/m^2*Sr,
2010-06-08 17:20:35,          61,           0,           0,           1,       26.20,       22.50,           0,           0,           0,           0,   uW/m^2*Sr,
2010-06-08 17:20:50,          62,           0,           0,           1,       26.20,       22.50,           0,           0,           0,           0,   uW/m^2*Sr,
2010-06-08 17:21:11,          61,           0,           0,           1,       26.20,       22.50,           0,           0,           0,           0,   uW/m^2*Sr,
2010-06-08 17:21:26,          62,           0,           0,           1,       26.20,       22.50,           0,           0,           0,           0,   uW/m^2*Sr,
2010-06-08 17:21:41,          61,           0,           0,           1,       26.20,       22.50,           0,           0,           0,           0,   uW/m^2*Sr,
2010-06-08 17:21:50,          62,           0,        0.01,           1,       26.20,       22.50,           0,           0,           0,           0,   uW/m^2*Sr,
2010-06-08 17:22:11,          61,           0,           0,           1,       26.20,       22.50,           0,           0,           0,           0,   uW/m^2*Sr,
2010-06-08 17:22:50,          62,           0,           0,           1,       26.20,       22.50,           0,           0,           0,           0,   uW/m^2*Sr,
2010-06-08 17:23:02,          62,           0,           0,           1,       26.20,       22.50,           0,           0,           0,           0,   uW/m^2*Sr,
2010-06-08 17:23:47,          61,           0,           0,           1,       26.20,       22.50,           0,           0,           0,           0,   uW/m^2*Sr,
2010-06-08 17:23:50,          62,           0,           0,           1,       26.20,       22.50,           0,           0,           0,           0,   uW/m^2*Sr,
2010-06-08 17:23:53,          61,           0,           0,           1,       26.20,       22.50,           0,           0,           0,           0,   uW/m^2*Sr,
2010-06-08 17:24:11,          61,           0,           0,           1,       26.20,       22.50,           0,           0,           0,           0,   uW/m^2*Sr,
2010-06-08 17:30:23,           0,           0,           0,           1,       25.60,       22.50,           0,           0,           0,           0,   uW/m^2*Sr,
2010-06-08 17:30:26,           0,           0,           0,           1,       25.60,       22.50,           0,           0,           0,           0,   uW/m^2*Sr,
2010-06-08 17:32:52,           0,           0,           0,           1,       25.60,       22.50,           0,           0,           0,           0,   uW/m^2*Sr,
2010-06-08 17:33:01,           0,           0,           0,           1,       25.60,       22.50,           0,           0,           0,           0,   uW/m^2*Sr,
2010-06-08 17:33:25,           0,           0,           0,           1,       25.90,       22.50,           0,           0,           0,           0,   uW/m^2*Sr,
2010-06-08 17:33:34,           0,           0,           0,           1,       25.90,       22.50,           0,           0,           0,           0,   uW/m^2*Sr,
2010-06-08 17:34:22,           0,           0,           0,           1,          26,       22.50,           0,           0,           0,           0,   uW/m^2*Sr,
2010-06-08 17:34:37,           0,           0,           0,           1,       26.10,       22.50,           0,           0,           0,           0,   uW/m^2*Sr,
2010-06-08 17:34:55,           0,           0,           0,           1,       26.10,       22.50,           0,           0,           0,           0,   uW/m^2*Sr,
2010-06-08 17:34:58,           0,           0,           0,           1,          26,       22.50,           0,           0,           0,           0,   uW/m^2*Sr,
2010-06-08 17:35:04,           0,           0,           0,           1,       26.10,       22.50,           0,           0,           0,           0,   uW/m^2*Sr,
2010-06-08 17:35:07,           0,           0,           0,           1,       26.10,       22.50,           0,           0,           0,           0,   uW/m^2*Sr,
2010-06-08 17:35:19,           0,           0,           0,           1,       26.10,       22.50,           0,           0,           0,           0,   uW/m^2*Sr,
2010-06-08 17:35:37,           0,           0,           0,           1,          26,       22.50,           0,           0,           0,           0,   uW/m^2*Sr,
2010-06-08 17:36:31,           0,           0,           0,           1,       26.20,       22.50,           0,           0,           0,           0,   uW/m^2*Sr,
2010-06-08 17:36:34,           0,           0,           0,           1,       26.30,       22.50,           0,           0,           0,           0,   uW/m^2*Sr,
2010-06-08 17:36:49,           0,           0,           0,           1,       26.20,       22.50,           0,           0,           0,           0,   uW/m^2*Sr,
2010-06-08 17:37:37,           0,           0,           0,           1,       26.20,       22.50,           0,           0,           0,           0,   uW/m^2*Sr,
2010-06-08 17:37:40,           0,           0,           0,           1,       26.20,       22.50,           0,           0,           0,           0,   uW/m^2*Sr,
2010-06-08 17:37:43,           0,           0,           0,           1,       26.20,       22.50,           0,           0,           0,           0,   uW/m^2*Sr,
2010-06-08 17:37:46,           0,           0,           0,           1,       26.20,       22.50,           0,           0,           0,           0,   uW/m^2*Sr,
2010-06-08 17:37:49,           0,           0,           0,           1,       26.20,       22.50,           0,           0,           0,           0,   uW/m^2*Sr,
2010-06-08 17:37:52,           0,           0,           0,           1,       26.20,       22.50,           0,           0,           0,           0,   uW/m^2*Sr,
2010-06-08 17:37:55,           0,           0,           0,           1,       26.20,       22.50,           0,           0,           0,           0,   uW/m^2*Sr,
2010-06-08 17:37:58,           0,           0,           0,           1,       26.20,       22.50,           0,           0,           0,           0,   uW/m^2*Sr,
2010-06-08 17:38:01,           0,           0,           0,           1,       26.20,       22.50,           0,           0,           0,           0,   uW/m^2*Sr,
2010-06-08 17:38:04,           0,           0,           0,           1,       26.20,       22.50,           0,           0,           0,           0,   uW/m^2*Sr,
2010-06-08 17:38:07,           0,           0,           0,           1,       26.20,       22.50,           0,           0,           0,           0,   uW/m^2*Sr,
2010-06-08 17:38:10,           0,           0,           0,           1,       26.20,       22.50,           0,           0,           0,           0,   uW/m^2*Sr,
2010-06-08 17:38:13,           0,           0,           0,           1,       26.20,       22.50,           0,           0,           0,           0,   uW/m^2*Sr,
2010-06-08 17:38:39,           0,           0,           0,           1,       26.20,       22.50,           0,           0,           0,           0,   uW/m^2*Sr,
2010-06-08 17:38:45,           0,           0,           0,           1,       26.20,       22.50,           0,           0,           0,           0,   uW/m^2*Sr,
2010-06-08 17:39:06,           0,           0,           0,           0,       26.20,       22.50,           0,           0,           0,           0,   uW/m^2*Sr,
2010-06-08 17:39:21,           0,           0,           0,           1,       26.20,       22.50,           0,           0,           0,           0,   uW/m^2*Sr,
2010-06-08 17:40:24,           0,           0,           0,           0,       26.60,       22.50,           0,           0,           0,           0,   uW/m^2*Sr,
2010-06-08 17:40:48,           0,           0,           0,           0,       26.60,       22.50,           0,           0,           0,           0,   uW/m^2*Sr,
2010-06-08 17:40:51,           0,           0,           0,           1,       26.60,       22.50,           0,           0,           0,           0,   uW/m^2*Sr,
2010-06-08 17:40:57,           0,           0,           0,           1,       26.60,       22.50,           0,           0,           0,           0,   uW/m^2*Sr,
2010-06-08 17:41:03,           0,           0,           0,           1,       26.60,       22.50,           0,           0,           0,           0,   uW/m^2*Sr,
2010-06-08 17:41:24,           0,           0,           0,           0,       26.60,       22.50,           0,           0,           0,           0,   uW/m^2*Sr,
2010-06-08 17:41:36,           0,           0,           0,           0,       26.70,       22.50,           0,           0,           0,           0,   uW/m^2*Sr,
2010-06-08 17:41:51,           0,           0,           0,           1,       26.90,       22.50,           0,           0,           0,           0,   uW/m^2*Sr,
2010-06-08 17:42:03,           0,           0,           0,           1,       26.80,       22.50,           0,           0,           0,           0,   uW/m^2*Sr,
2010-06-08 17:42:45,           0,           0,           0,           0,       26.90,       22.50,           0,           0,           0,           0,   uW/m^2*Sr,
2010-06-08 17:43:00,           0,           0,        0.73,           1,       26.90,       22.50,           0,           0,           0,           0,   uW/m^2*Sr,
2010-06-08 17:43:21,           0,           0,           0,           0,       26.70,       22.50,           0,           0,           0,           0,   uW/m^2*Sr,
2010-06-08 17:43:36,           0,           0,        0.73,           1,       26.80,       22.50,           0,           0,           0,           0,   uW/m^2*Sr,
2010-06-08 17:43:45,           1,           0,           0,           0,       26.70,       22.50,           0,           0,           0,           0,   uW/m^2*Sr,
2010-06-08 17:44:00,           0,           0,        0.73,           1,       26.80,       22.50,           0,           0,           0,           0,   uW/m^2*Sr,
2010-06-08 17:44:15,           1,           0,           0,           0,       26.70,       22.50,           0,           0,           0,           0,   uW/m^2*Sr,
2010-06-08 17:44:48,           0,           0,        0.73,           1,       26.70,       22.50,           0,           0,           0,           0,   uW/m^2*Sr,
2010-06-08 17:44:51,           1,           0,           0,           0,       26.80,       22.50,           0,           0,           0,           0,   uW/m^2*Sr,
2010-06-08 17:44:54,           0,           0,        0.73,           1,       26.90,       22.50,           0,           0,           0,           0,   uW/m^2*Sr,
2010-06-08 17:45:36,           0,           0,        0.73,           1,       26.90,       22.50,           0,           0,           0,           0,   uW/m^2*Sr,
2010-06-08 17:46:03,           1,           0,           0,           0,       26.90,       22.50,           0,           0,           0,           0,   uW/m^2*Sr,
2010-06-08 17:46:21,           2,           0,           0,           0,       26.90,       22.50,           0,           0,           0,           0,   uW/m^2*Sr,
2010-06-08 17:46:36,           0,           0,        0.73,           1,       26.90,       22.50,           0,           0,           0,           0,   uW/m^2*Sr,
2010-06-08 17:47:03,           2,           0,           0,           0,       26.90,       22.50,           0,           0,           0,           0,   uW/m^2*Sr,
2010-06-08 17:47:06,           0,           0,        0.73,           1,       26.90,       22.50,           0,           0,           0,           0,   uW/m^2*Sr,
2010-06-08 17:47:18,           0,           0,        0.73,           1,       26.90,       22.50,           0,           0,           0,           0,   uW/m^2*Sr,
2010-06-08 17:47:36,           1,           0,        0.73,           1,       26.90,       22.50,           0,           0,           0,           0,   uW/m^2*Sr,
2010-06-08 17:48:21,           2,           0,           0,           0,       26.70,       22.50,           0,           0,           0,           0,   uW/m^2*Sr,
2010-06-08 17:48:36,           1,           0,        0.73,           1,       26.70,       22.50,           0,           0,           0,           0,   uW/m^2*Sr,
2010-06-08 17:48:42,           1,           0,        0.73,           1,       26.70,       22.50,           0,           0,           0,           0,   uW/m^2*Sr,
2010-06-08 17:49:03,           2,           0,           0,           0,       26.70,       22.50,           0,           0,           0,           0,   uW/m^2*Sr,
2010-06-08 17:49:06,           1,           0,        0.73,           1,       26.80,       22.50,           0,           0,           0,           0,   uW/m^2*Sr,
2010-06-08 17:49:12,           1,           0,        0.73,           1,       26.80,       22.50,           0,           0,           0,           0,   uW/m^2*Sr,
2010-06-08 17:49:21,           2,           0,           0,           0,       26.80,       22.50,           0,           0,           0,           0,   uW/m^2*Sr,
2010-06-08 17:49:33,           2,           0,           0,           0,       26.80,       22.50,           0,           0,           0,           0,   uW/m^2*Sr,
2010-06-08 17:49:42,           1,           0,        0.73,           1,       26.80,       22.50,           0,           0,           0,           0,   uW/m^2*Sr,
2010-06-08 17:50:15,           2,           0,           0,           0,       26.80,       22.50,           0,           0,           0,           0,   uW/m^2*Sr,
2010-06-08 17:51:18,           1,           0,        0.73,           1,       26.70,       22.50,           0,           0,           0,           0,   uW/m^2*Sr,
2010-06-08 17:51:21,           3,           0,           0,           0,       26.60,       22.50,           0,           0,           0,           0,   uW/m^2*Sr,
2010-06-08 17:51:24,           1,           0,        0.73,           1,       26.70,       22.50,           0,           0,           0,           0,   uW/m^2*Sr,
2010-06-08 17:51:27,           2,           0,           0,           0,       26.70,       22.50,           0,           0,           0,           0,   uW/m^2*Sr,
2010-06-08 17:51:33,           3,           0,           0,           0,       26.70,       22.50,           0,           0,           0,           0,   uW/m^2*Sr,
2010-06-08 17:52:00,           2,           0,        0.73,           1,       26.70,       22.50,           0,           0,           0,           0,   uW/m^2*Sr,
2010-06-08 17:52:15,           3,           0,           0,           0,       26.60,       22.50,           0,           0,           0,           0,   uW/m^2*Sr,
2010-06-08 17:52:33,           3,           0,           0,           0,       26.60,       22.50,           0,           0,           0,           0,   uW/m^2*Sr,
2010-06-08 17:52:51,           3,           0,           0,           0,       26.60,       22.50,           0,           0,           0,           0,   uW/m^2*Sr,
2010-06-08 17:54:32,           0,           0,        0.73,           1,       26.40,       22.50,           0,           0,           0,           0,   uW/m^2*Sr,
2010-06-08 17:54:35,           0,           0,           0,           0,       26.40,       22.50,           0,           0,           0,           0,   uW/m^2*Sr,
2010-06-08 17:54:38,           0,           0,        0.73,           1,       26.50,       22.50,           0,           0,           0,           0,   uW/m^2*Sr,
2010-06-08 17:55:20,           0,           0,        0.73,           1,       26.90,       22.50,           0,           0,           0,           0,   uW/m^2*Sr,
2010-06-08 17:55:56,           0,           0,        0.73,           1,       27.20,       22.50,           0,           0,           0,           0,   uW/m^2*Sr,
2010-06-08 17:56:38,           0,           0,        0.73,           1,       27.30,       22.50,           0,           0,           0,           0,   uW/m^2*Sr,
2010-06-08 17:56:41,           0,           0,           0,           0,       27.20,       22.50,           0,           0,           0,           0,   uW/m^2*Sr,
2010-06-08 17:56:44,           0,           0,        0.73,           1,       27.30,       22.50,           0,           0,           0,           0,   uW/m^2*Sr,
2010-06-08 17:56:47,           0,           0,           0,           0,       27.30,       22.50,           0,           0,           0,           0,   uW/m^2*Sr,
2010-06-08 17:56:53,           0,           0,           0,           0,       27.20,       22.50,           0,           0,           0,           0,   uW/m^2*Sr,
2010-06-08 17:57:20,           0,           0,        0.73,           1,       27.20,       22.50,           0,           0,           0,           0,   uW/m^2*Sr,
2010-06-08 17:57:50,           0,           0,        0.73,           1,       27.30,       22.50,           0,           0,           0,           0,   uW/m^2*Sr,
2010-06-08 17:58:23,           0,           0,           0,           0,       27.20,       22.50,           0,           0,           0,           0,   uW/m^2*Sr,
2010-06-08 17:59:01,           0,           0,           0,           0,       27.20,       22.50,           0,           0,           0,           0,   uW/m^2*Sr,
2010-06-08 17:59:07,           0,           0,           0,           0,       27.20,       22.50,           0,           0,           0,           0,   uW/m^2*Sr,
2010-06-08 17:59:25,           0,           0,           0,           0,       27.20,       22.50,           0,           0,           0,           0,   uW/m^2*Sr,
2010-06-08 17:59:37,           0,           0,           0,           0,       27.20,       22.50,           0,           0,           0,           0,   uW/m^2*Sr,
2010-06-08 17:59:43,           0,           0,           0,           0,       27.20,       22.50,           0,           0,           0,           0,   uW/m^2*Sr,
2010-06-08 17:59:58,           0,           0,        0.03,           1,       27.20,       22.50,           0,           0,           0,           0,   uW/m^2*Sr,
2010-06-08 18:00:25,           0,           0,           0,           0,       27.20,       22.50,           0,           0,           0,           0,   uW/m^2*Sr,
2010-06-08 18:00:37,           0,           0,           0,           0,       27.20,       22.50,           0,           0,           0,           0,   uW/m^2*Sr,
2010-06-08 18:01:21,           0,           0,        0.03,           1,       27.20,       22.50,           0,           0,           0,           0,   uW/m^2*Sr,
2010-06-08 18:01:24,           0,           0,           0,           0,       27.20,       22.50,           0,           0,           0,           0,   uW/m^2*Sr,
2010-06-08 18:01:57,           0,           0,        0.03,           1,       27.20,       22.50,           0,           0,           0,           0,   uW/m^2*Sr,
2010-06-08 18:02:00,           0,           0,           0,           0,       27.20,       22.50,           0,           0,           0,           0,   uW/m^2*Sr,
2010-06-08 18:02:09,           0,           0,        0.03,           1,       27.20,       22.50,           0,           0,           0,           0,   uW/m^2*Sr,
2010-06-08 18:02:18,           0,           0,           0,           0,       27.20,       22.50,           0,           0,           0,           0,   uW/m^2*Sr,
2010-06-08 18:02:21,           0,           0,        0.03,           1,       27.20,       22.50,           0,           0,           0,           0,   uW/m^2*Sr,
2010-06-08 18:03:27,           0,           0,        0.03,           1,       27.20,       22.50,           0,           0,           0,           0,   uW/m^2*Sr,
2010-06-08 18:03:30,           0,           0,           0,           0,       27.20,       22.50,           0,           0,           0,           0,   uW/m^2*Sr,
2010-06-08 18:03:33,           0,           0,        0.03,           1,       27.20,       22.50,           0,           0,           0,           0,   uW/m^2*Sr,
2010-06-08 18:03:36,           0,           0,           0,           0,       27.20,       22.50,           0,           0,           0,           0,   uW/m^2*Sr,
2010-06-08 18:03:42,           0,           0,           0,           0,       27.20,       22.50,           0,           0,           0,           0,   uW/m^2*Sr,
2010-06-08 18:04:39,           0,           0,        0.03,           1,       27.20,       22.50,           0,           0,           0,           0,   uW/m^2*Sr,
2010-06-08 18:04:57,           0,           0,        0.03,           1,       27.20,       22.50,           0,           0,           0,           0,   uW/m^2*Sr,
2010-06-08 18:05:36,           0,           0,           0,           0,          27,       22.50,           0,           0,           0,           0,   uW/m^2*Sr,
2010-06-08 18:05:39,           0,           0,        0.03,           1,          27,       22.50,           0,           0,           0,           0,   uW/m^2*Sr,
2010-06-08 18:05:42,           0,           0,           0,           0,       26.90,       22.50,           0,           0,           0,           0,   uW/m^2*Sr,
2010-06-08 18:05:45,           0,           0,        0.03,           1,       26.90,       22.50,           0,           0,           0,           0,   uW/m^2*Sr,
2010-06-08 18:06:24,           0,           0,           0,           0,       26.90,       22.50,           0,           0,           0,           0,   uW/m^2*Sr,
2010-06-08 18:06:36,           0,           0,           0,           0,       26.90,       22.50,           0,           0,           0,           0,   uW/m^2*Sr,
2010-06-08 18:07:36,           0,           0,           0,           0,       26.80,       22.50,           0,           0,           0,           0,   uW/m^2*Sr,
2010-06-08 18:07:45,           0,           0,        0.03,           1,       26.90,       22.50,           0,           0,           0,           0,   uW/m^2*Sr,
2010-06-08 18:07:51,           0,           0,        0.03,           1,       26.90,       22.50,           0,           0,           0,           0,   uW/m^2*Sr,
2010-06-08 18:08:18,           0,           0,           0,           0,       26.80,       22.50,           0,           0,           0,           0,   uW/m^2*Sr,
2010-06-08 18:08:36,           0,           0,           0,           0,       26.80,       22.50,           0,           0,           0,           0,   uW/m^2*Sr,
2010-06-08 18:08:48,           0,           0,           0,           0,       26.30,       22.50,           0,           0,           0,           0,   uW/m^2*Sr,
2010-06-08 18:09:21,           0,           0,        0.03,           1,       26.60,       22.50,           0,           0,           0,           0,   uW/m^2*Sr,
2010-06-08 18:09:36,           0,           0,           0,           0,       26.60,       22.50,           0,           0,           0,           0,   uW/m^2*Sr,
2010-06-08 18:09:57,           0,           0,        0.03,           1,       26.60,       22.50,           0,           0,           0,           0,   uW/m^2*Sr,
2010-06-08 18:10:00,           0,           0,           0,           0,       26.60,       22.50,           0,           0,           0,           0,   uW/m^2*Sr,
2010-06-08 18:10:03,           0,           0,        0.03,           1,       26.60,       22.50,           0,           0,           0,           0,   uW/m^2*Sr,
2010-06-08 18:10:06,           0,           0,           0,           0,       26.60,       22.50,           0,           0,           0,           0,   uW/m^2*Sr,
2010-06-08 18:10:21,           0,           0,        0.03,           1,       26.70,       22.50,           0,           0,           0,           0,   uW/m^2*Sr,
2010-06-08 18:10:36,           0,           0,           0,           0,       26.60,       22.50,           0,           0,           0,           0,   uW/m^2*Sr,
2010-06-08 18:10:48,           0,           0,           0,           0,       26.60,       22.50,           0,           0,           0,           0,   uW/m^2*Sr,
2010-06-08 18:11:18,           0,           0,           0,           0,       26.60,       22.50,           0,           0,           0,           0,   uW/m^2*Sr,
2010-06-08 18:12:00,           0,           0,           0,           0,       26.60,       22.50,           0,           0,           0,           0,   uW/m^2*Sr,
2010-06-08 18:12:06,           0,           0,           0,           0,       26.60,       22.50,           0,           0,           0,           0,   uW/m^2*Sr,
2010-06-08 18:12:09,           0,           0,        0.03,           1,       26.60,       22.50,           0,           0,           0,           0,   uW/m^2*Sr,
2010-06-08 18:12:12,           0,           0,           0,           0,       26.60,       22.50,           0,           0,           0,           0,   uW/m^2*Sr,
2010-06-08 18:12:15,           0,           0,        0.03,           1,       26.60,       22.50,           0,           0,           0,           0,   uW/m^2*Sr,
2010-06-08 18:12:21,           0,           0,        0.03,           1,       26.60,       22.50,           0,           0,           0,           0,   uW/m^2*Sr,
2010-06-08 18:12:33,           0,           0,        0.03,           1,       26.60,       22.50,           0,           0,           0,           0,   uW/m^2*Sr,
2010-06-08 18:12:51,           0,           0,        0.03,           1,       26.60,       22.50,           0,           0,           0,           0,   uW/m^2*Sr,
2010-06-08 18:13:15,           0,           0,        0.03,           1,       26.60,       22.50,           0,           0,           0,           0,   uW/m^2*Sr,
2010-06-08 18:14:00,           0,           0,           0,           0,       26.60,       22.50,           0,           0,           0,           0,   uW/m^2*Sr,
2010-06-08 18:14:18,           0,           0,           0,           0,       26.80,       22.50,           0,           0,           0,           0,   uW/m^2*Sr,
2010-06-08 18:14:21,           0,           0,        0.03,           1,       26.80,       22.50,           0,           0,           0,           0,   uW/m^2*Sr,
2010-06-08 18:14:24,           0,           0,           0,           0,       26.90,       22.50,           0,           0,           0,           0,   uW/m^2*Sr,
2010-06-08 18:14:51,           0,           0,        0.03,           1,       26.90,       22.50,           0,           0,           0,           0,   uW/m^2*Sr,
2010-06-08 18:15:18,           0,           0,           0,           0,       26.90,       22.50,           0,           0,           0,           0,   uW/m^2*Sr,
2010-06-08 18:15:51,           0,           0,        0.03,           1,       26.90,       22.50,           0,           0,           0,           0,   uW/m^2*Sr,
2010-06-08 18:15:57,           0,           0,        0.03,           1,       26.90,       22.50,           0,           0,           0,           0,   uW/m^2*Sr,
2010-06-08 18:16:27,           0,           0,        0.03,           1,          27,       22.50,           0,           0,           0,           0,   uW/m^2*Sr,
2010-06-08 18:16:30,           0,           0,           0,           0,          27,       22.50,           0,           0,           0,           0,   uW/m^2*Sr,
2010-06-08 18:16:33,           0,           0,        0.03,           1,       26.90,       22.50,           0,           0,           0,           0,   uW/m^2*Sr,
2010-06-08 18:16:57,           0,           0,        0.03,           1,       27.10,       22.50,           0,           0,           0,           0,   uW/m^2*Sr,
2010-06-08 18:17:12,           0,           0,           0,           0,       27.20,       22.50,           0,           0,           0,           0,   uW/m^2*Sr,
2010-06-08 18:18:33,           0,           0,        0.03,           1,       27.20,       22.50,           0,           0,           0,           0,   uW/m^2*Sr,
2010-06-08 18:18:36,           0,           0,           0,           0,       27.20,       22.50,           0,           0,           0,           0,   uW/m^2*Sr,
2010-06-08 18:18:42,           0,           0,           0,           0,       27.20,       22.50,           0,           0,           0,           0,   uW/m^2*Sr,
2010-06-08 18:18:45,           0,           0,        0.03,           1,       27.20,       22.50,           0,           0,           0,           0,   uW/m^2*Sr,
2010-06-08 18:18:51,           0,           0,        0.03,           1,       27.20,       22.50,           0,           0,           0,           0,   uW/m^2*Sr,
2010-06-08 18:19:57,           0,           0,        0.03,           1,       27.20,       22.50,           0,           0,           0,           0,   uW/m^2*Sr,
2010-06-08 18:20:30,           0,           0,           0,           0,       27.20,       22.50,           0,           0,           0,           0,   uW/m^2*Sr,
2010-06-08 18:20:51,           0,           0,        0.03,           1,       27.50,       22.50,           0,           0,           0,           0,   uW/m^2*Sr,
2010-06-08 18:20:54,           0,           0,           0,           0,       27.50,       22.50,           0,           0,           0,           0,   uW/m^2*Sr,
2010-06-08 18:21:30,           0,           0,           0,           0,       27.50,       22.50,           0,           0,           0,           0,   uW/m^2*Sr,
2010-06-08 18:21:48,           0,           0,           0,           0,       27.50,       22.50,           0,           0,           0,           0,   uW/m^2*Sr,
2010-06-08 18:22:15,           0,           0,        0.03,           1,       27.50,       22.50,           0,           0,           0,           0,   uW/m^2*Sr,
2010-06-08 18:22:27,           0,           0,        0.03,           1,       27.50,       22.50,           0,           0,           0,           0,   uW/m^2*Sr,
2010-06-08 18:24:46,           0,           0,           0,           0,       27.50,       22.50,           0,           0,           0,           0,   uW/m^2*Sr,
2010-06-08 18:25:12,           0,           0,           0,           0,       27.50,       22.50,           0,           0,           0,           0,   uW/m^2*Sr,
2010-06-08 18:27:12,           0,           0,           0,           0,       27.50,       22.50,           0,           0,           0,           0,   uW/m^2*Sr,
2010-06-08 18:27:22,           0,           0,           0,           0,       27.50,       22.50,           0,           0,           0,           0,   uW/m^2*Sr,
2010-06-08 18:29:22,           0,           0,           0,           0,       27.50,       22.50,           0,           0,           0,           0,   uW/m^2*Sr,
2010-06-08 18:29:27,           0,           0,        0.03,           1,       27.50,       22.50,           0,           0,           0,           0,   uW/m^2*Sr,
2010-06-08 18:29:37,           0,           0,        0.03,           1,       27.50,       22.50,           0,           0,           0,           0,   uW/m^2*Sr,
2010-06-08 18:34:39,           0,           0,        0.03,           1,       27.50,       22.50,           0,           0,           0,           0,   uW/m^2*Sr,
2010-06-08 18:35:19,           0,           0,        0.03,           1,       27.60,       22.50,           0,           0,           0,           0,   uW/m^2*Sr,
2010-06-08 18:37:25,           0,           0,           0,           0,       27.50,       22.50,           0,           0,           0,           0,   uW/m^2*Sr,
2010-06-08 18:42:43,           0,           0,        0.03,           1,       27.40,       22.50,           0,           0,           0,           0,   uW/m^2*Sr,
2010-06-08 18:42:48,           0,           0,           0,           0,       27.50,       22.50,           0,           0,           0,           0,   uW/m^2*Sr,
2010-06-08 23:14:28,           0,           0,           0,           0,       26.60,            ,            ,            ,           0,           0,   uW/m^2*Sr,
